Sample	1	2	3	4	5	6	7	8	9	10	12	14	16	18	20	22	24	26	28	30	32	34	36	38	40	42	44	46	48	50	52	54	56	58	60	62	64	66	68	70	72	74	76	78	80	82	84	86	88	90	92	94	96	98	100
SRR14514161_1	0.0	0.05710786208581505	5.56187952493661e-05	0.00017191263986167707	0.0	2.5281270567893685e-06	8.84844469876279e-05	0.00011629384461231095	0.0	0.0	0.0	0.0	0.0	4.677035055060332e-05	0.0	0.0	0.0	0.0	0.0	0.0	0.0	0.0	0.0	0.0	0.0	8.286564095058388e-05	0.0	0.0	0.0	0.0	0.0	0.00034052310102462846	0.0	0.0	0.0	0.0	0.008465410166067975	4.294324088196532e-05	7.482316704228645e-06	0.0	0.0	0.0	0.0	1.5703081117249098e-06	0.0005597336758628584	0.0	0.0	0.0	0.0	0.00012595868487312256	2.4241127464534828e-05	0.0	0.0	0.0	0.0
SRR14514161_2	0.0	0.0	0.0	2.0225016454314948e-05	3.286565173826179e-05	2.2753143511104317e-05	0.0008064725311158086	0.0	0.0	0.0	0.0002325876892246219	0.0	1.2640635283946841e-05	0.0	0.0	0.0	0.0	0.0	0.0	0.0010630774273799296	0.00039438782085914146	0.0	0.0	0.0	0.0	0.0	5.216580148815469e-05	0.0	0.0	0.0	0.0001545376013509677	0.0013755217227073076	0.0010401713470459635	0.0	0.0	0.0	0.0	0.0	0.0	0.0	0.0	0.0	0.0	2.5234851297960885e-05	0.0005781042398069394	0.0	0.0	0.0	3.72480469229518e-05	0.0	0.0	0.0	0.0	0.0	0.0
SRR14514162_1	0.0	0.05727802546049457	6.312062864990105e-05	0.00022486723956527245	0.0	1.5780157162475262e-05	7.495574652175749e-05	0.00014202141446227734	0.0	0.0	0.0	0.0	0.0	5.12855107780446e-05	0.0	0.0	0.0	0.0	0.0	0.0	0.0	0.0	0.0	0.0	0.0	7.964622897307199e-05	1.9976551523821337e-06	0.0	0.0	0.0	0.0	0.00036863254738226596	0.0	0.0	0.0	0.0	0.008570995509348764	4.400739282287622e-05	8.426019370870842e-06	0.0	2.1302384320490792e-06	0.0	0.0	6.513412440609077e-06	0.0005594966802832714	0.0	0.0	0.0	0.0	0.00012206488871832354	3.331919340807747e-05	0.0	0.0	0.0	0.0
SRR14514162_2	0.0	0.0	0.0	1.1835117871856445e-05	2.7615275034331704e-05	1.1835117871856445e-05	0.0008008429759956194	0.0	0.0	1.9725196453094078e-06	0.00022092220027465363	0.0	9.862598226547036e-06	0.0	0.0	0.0	0.0	0.0	0.0	0.0009902048619453226	0.000416201645160285	1.9725196453094078e-06	0.0	0.0	0.0	0.0	5.000525355193816e-05	0.0	0.0	0.0	0.00018297670529664092	0.0013334198048249133	0.0011138137332987168	0.0	0.0	0.0	0.0	0.0	0.0	0.0	0.0	0.0	0.0	1.7430947627802726e-05	0.0005570269131500524	2.207633931907518e-06	0.0	0.0	3.77860260474192e-05	0.0	0.0	0.0	0.0	0.0	0.0
SRR14514163_1	0.0	0.05984999539961871	4.503869789263933e-05	3.860459819369085e-05	0.0	3.217049849474238e-06	0.00018980594111898	6.434099698948476e-06	0.0	0.0	0.0	0.0	0.0	1.4476724322634069e-05	0.0	0.0	0.0	0.0	0.0	0.0	0.0	0.0	0.0	0.0	3.227355842688026e-06	6.464669868057381e-05	2.2662812110831966e-05	0.0	0.0	0.0	0.0	0.0008477876906562814	0.0	0.0	0.0	0.0	0.007233625551472782	8.311297313722218e-06	3.833743096574639e-05	0.0	0.0	0.0	0.0	0.0	6.133088323269362e-05	0.0	0.0	0.0	1.7223838315833797e-06	6.0349132144132416e-05	6.213498286524289e-05	0.0	0.0	1.7327995987113376e-06	0.0
SRR14514163_2	0.0	9.651149548422712e-06	6.434099698948476e-06	2.2519348946319663e-05	1.9302299096845424e-05	0.0	0.0007527896647769716	0.0	0.0	3.217049849474238e-06	1.608524924737119e-05	0.0	6.112394714001051e-05	0.0	0.0	0.0	0.0	0.0	0.0	0.0007769175386480283	0.000920076256949632	3.217049849474238e-06	0.0	0.0	0.0	0.0	0.0	0.0	0.0	0.0	0.0005795174943889937	0.0009912845572423422	0.0016535594520765398	0.0	0.0	0.0	0.0	0.0	0.0	0.0	0.0	0.0	0.0	1.7019656614131298e-06	0.00044771129388478494	1.7160417348900507e-06	0.0	0.0	0.0	0.0	0.0	0.0	0.0	0.0	0.0
SRR14514164_1	0.0	0.05909240372223849	1.7272167693748922e-05	3.8862377310935074e-05	0.0	1.295412577031169e-05	0.0002936268507937317	0.0	0.0	0.0	0.0	0.0	0.0	1.295412577031169e-05	0.0	0.0	0.0	0.0	0.0	0.0	0.0	0.0	0.0	0.0	8.663277881135496e-06	6.290004837447513e-05	3.692949577074725e-05	0.0	0.0	0.0	0.0	0.0007810133204673821	0.0	0.0	0.0	0.0	0.006802498615871245	4.4488546434842485e-06	4.9045578613541685e-05	0.0	0.0	0.0	0.0	0.0	4.5332714813772415e-05	0.0	0.0	0.0	0.0	7.553259924039383e-05	7.56046014060119e-05	0.0	0.0	0.0	0.0
SRR14514164_2	0.0	0.0	0.0	2.1590209617186152e-05	1.7272167693748922e-05	0.0	0.0006131619531280867	0.0	0.0	6.477062885155845e-06	6.477062885155845e-06	0.0	7.988377558358876e-05	0.0	0.0	0.0	0.0	0.0	0.0	0.0007146359383288617	0.0008355411121851041	2.1590209617186152e-06	0.0	0.0	0.0	0.0	0.0	0.0	0.0	0.0	0.0005445808963612707	0.0009376342277872306	0.0015685940900757765	0.0	0.0	0.0	0.0	0.0	0.0	0.0	0.0	0.0	0.0	6.805500541275485e-06	0.0003663110840227983	0.0	0.0	0.0	0.0	0.0	0.0	0.0	0.0	0.0	0.0
SRR14514165_1	0.0	0.05780425138308024	7.09544820577908e-05	0.0002432725099124256	0.0	1.3515139439579202e-05	7.43332669176856e-05	9.460597607705441e-05	0.0	0.0	0.0	0.0	0.0	5.57499501882642e-05	0.0	0.0	0.0	0.0	0.0	0.0	0.0	0.0	0.0	0.0	0.0	9.535637119422293e-05	0.0	0.0	0.0	0.0	0.0	0.00032050044915106187	0.0	0.0	0.0	0.0	0.00857049241459463	6.185845491789386e-05	7.094300834217061e-06	0.0	0.0	0.0	0.0	5.424129402370327e-06	0.0005955571220806036	0.0	0.0	0.0	0.0	0.000141321769664236	1.836841084462894e-05	0.0	0.0	0.0	0.0
SRR14514165_2	0.0	0.0	0.0	6.757569719789601e-06	5.0681772898422e-05	1.6893924299474e-05	0.0008649689241330689	0.0	0.0	0.0	0.00025340886449211	0.0	8.446962149737e-06	0.0	0.0	0.0	0.0	0.0	0.0	0.0010491126989973355	0.0003665981572985858	1.6893924299474002e-06	0.0	0.0	0.0	0.0	4.444180984279428e-05	0.0	0.0	0.0	0.00016619008198364481	0.0013999077346170245	0.0010072432640606717	0.0	0.0	0.0	0.0	0.0	0.0	0.0	0.0	0.0	0.0	2.178555418782619e-05	0.000587038653250196	0.0	0.0	0.0	2.7594945422808925e-05	0.0	0.0	0.0	0.0	0.0	0.0
SRR14514166_1	0.0	0.05727483385518037	0.0	1.7382347148764908e-05	0.0	0.0	0.00015644112433888416	0.0	0.0	0.0	0.0	0.0	0.0	1.7382347148764908e-05	0.0	0.0	0.0	0.0	0.0	0.0	0.0	0.0	0.0	0.0	8.723575200271478e-06	8.73968575061534e-05	2.627015774879459e-05	0.0	0.0	0.0	0.0	0.0007172122438224119	0.0	0.0	0.0	0.0	0.006923982297924429	0.0	3.607517923050921e-05	0.0	0.0	0.0	0.0	0.0	3.68036880239695e-05	0.0	0.0	0.0	0.0	4.653184653536434e-05	5.5897821019089944e-05	0.0	0.0	0.0	0.0
SRR14514166_2	0.0	1.7382347148764908e-05	0.0	1.7382347148764908e-05	0.0	0.0	0.0006779115388018313	0.0	0.0	8.691173574382454e-06	0.0	0.0	2.607352072314736e-05	0.0	0.0	0.0	0.0	0.0	0.0	0.0007995879688431857	0.0007995879688431857	8.691173574382454e-06	0.0	0.0	0.0	0.0	0.0	0.0	0.0	0.0	0.0004162570520144184	0.0009322903283491021	0.0015134361526245163	0.0	0.0	0.0	0.0	0.0	0.0	0.0	0.0	0.0	0.0	0.0	0.00038735907162204677	9.255584449433411e-06	0.0	0.0	0.0	0.0	0.0	0.0	0.0	0.0	0.0
SRR14514167_1	0.0	0.06035875720975261	3.6819087358531475e-05	5.522863103779721e-05	0.0	1.2273029119510493e-05	0.00026080186878959795	0.0	0.0	0.0	0.0	0.0	0.0	1.3807157759449303e-05	0.0	0.0	0.0	0.0	0.0	0.0	0.0	0.0	0.0	0.0	9.231133079429992e-06	7.242295176412603e-05	2.777925290755023e-05	0.0	0.0	0.0	0.0	0.0008225786122536897	0.0	0.0	0.0	0.0	0.007165025279055472	4.748596932064483e-06	4.9188907444390474e-05	0.0	0.0	0.0	0.0	0.0	4.362633821570765e-05	0.0	0.0	0.0	0.0	4.734017898440167e-05	6.535138828813264e-05	0.0	0.0	0.0	0.0
SRR14514167_2	0.0	0.0	6.136514559755246e-06	1.2273029119510493e-05	1.5341286399388113e-05	0.0	0.0006627435724535666	0.0	0.0	4.602385919816434e-06	1.2273029119510493e-05	0.0	6.136514559755245e-05	0.0	0.0	0.0	0.0	0.0	0.0	0.0007440523903703237	0.0008759874534050614	0.0	0.0	0.0	0.0	0.0	0.0	0.0	0.0	0.0	0.0005486174636723803	0.0009513558136883582	0.0016326782804934057	0.0	0.0	0.0	0.0	0.0	0.0	0.0	0.0	0.0	0.0	8.109243051465344e-06	0.00040367606304632283	0.0	0.0	0.0	0.0	0.0	0.0	0.0	0.0	0.0	0.0
SRR14514168_1	0.0	0.05747087453155434	6.0294675151132364e-05	0.0002612769256549069	0.0	5.024556262594364e-06	5.024556262594365e-05	0.0001256139065648591	0.0	0.0	0.0	0.0	0.0	5.275784075724083e-05	0.0	0.0	0.0	0.0	0.0	0.0	0.0	0.0	0.0	0.0	0.0	9.885463471590244e-05	0.0	0.0	0.0	0.0	0.0	0.0003080771751445924	0.0	0.0	0.0	0.0	0.008386060013069446	4.2543980038790006e-05	5.343543776782009e-06	0.0	0.0	0.0	0.0	8.235598511827349e-06	0.0005743594773483391	0.0	0.0	0.0	0.0	0.00010639530115791967	1.120864877273142e-05	0.0	0.0	0.0	0.0
SRR14514168_2	0.0	0.0	5.024556262594364e-06	3.0147337575566182e-05	3.0147337575566182e-05	1.0049112525188728e-05	0.0007285606580761828	0.0	0.0	0.0	0.00022861730994804355	0.0	1.7585946919080275e-05	0.0	0.0	0.0	0.0	0.0	0.0	0.0009697393586807124	0.00034920666025030833	0.0	0.0	0.0	0.0	0.0	4.835205630988864e-05	0.0	0.0	0.0	0.00012144409744736394	0.0012842320484336572	0.0010081536182281676	0.0	0.0	0.0	0.0	0.0	0.0	0.0	0.0	0.0	0.0	1.101472431824777e-05	0.0005761119181601999	2.7863103889588996e-06	0.0	0.0	4.485773747048396e-05	0.0	0.0	0.0	0.0	0.0	0.0
SRR14514169_1	0.0	0.056901288977121975	6.710936978038235e-05	0.00020132810934114705	0.0	3.7282983211323524e-06	5.965277313811764e-05	0.00012303384459736764	0.0	0.0	0.0	0.0	0.0	4.101128153245588e-05	1.8641491605661762e-06	0.0	0.0	0.0	0.0	0.0	0.0	0.0	0.0	0.0	0.0	6.588443395915639e-05	0.0	0.0	0.0	0.0	0.0	0.0003346022193049866	0.0	0.0	0.0	0.0	0.008758844401509756	4.548422975729793e-05	5.964647059705362e-06	0.0	0.0	0.0	0.0	4.103021031819113e-06	0.0006405274309488184	0.0	0.0	0.0	4.196115001748941e-06	0.00011758190955288765	1.0505528555413344e-05	0.0	0.0	0.0	0.0
SRR14514169_2	0.0	0.0	0.0	1.491319328452941e-05	2.982638656905882e-05	2.609808824792647e-05	0.0008127690340068529	0.0	0.0	3.7282983211323524e-06	0.0002497959875158676	0.0	3.1690535729625e-05	0.0	0.0	0.0	0.0	0.0	0.0	0.0010383310824353604	0.00038960717455833083	1.8641491605661762e-06	0.0	0.0	0.0	0.0	6.237454211415676e-05	0.0	0.0	0.0	0.00016882951018587765	0.0013773897977874265	0.0011240603986866177	0.0	0.0	0.0	0.0	0.0	0.0	0.0	0.0	0.0	0.0	3.085892294088745e-05	0.0006008627352908543	8.349420927998894e-06	0.0	0.0	4.204841723870735e-05	0.0	0.0	0.0	0.0	0.0	0.0
SRR14514170_1	0.0	0.06024990042168165	3.157278806346545e-05	4.9614381242588574e-05	0.0	9.020796589561558e-06	0.00024807190621294284	0.0	0.0	0.0	0.0	0.0	0.0	9.020796589561558e-06	0.0	0.0	0.0	0.0	0.0	0.0	0.0	0.0	0.0	0.0	0.0	9.639787781773123e-05	3.7497874978380484e-05	0.0	0.0	0.0	0.0	0.0008305422003489036	0.0	0.0	0.0	0.0	0.007112831514303093	5.83524555302647e-06	4.915772395009606e-05	0.0	0.0	0.0	0.0	0.0	4.7790181985013e-05	0.0	0.0	0.0	0.0	6.038350967894523e-05	5.6805991054724325e-05	0.0	0.0	0.0	0.0
SRR14514170_2	0.0	2.2551991473903894e-06	2.2551991473903894e-06	1.3531194884342338e-05	1.3531194884342338e-05	4.510398294780779e-06	0.0007194085280175343	0.0	0.0	3.3827987210855846e-06	1.4658794458037533e-05	0.0	5.750757825845493e-05	0.0	0.0	0.0	0.0	0.0	0.0	0.0007881921020129411	0.0008840380657770327	0.0	0.0	0.0	0.0	0.0	0.0	0.0	0.0	0.0	0.0005328121817767762	0.0009520923697682697	0.0016679723215403228	0.0	0.0	0.0	0.0	0.0	0.0	0.0	0.0	0.0	0.0	4.777323573739005e-06	0.0004064007470293094	0.0	0.0	0.0	0.0	0.0	0.0	0.0	0.0	0.0	0.0
SRR14514171_1	0.0	0.05710755069944447	6.062372685715973e-05	0.00019256948531097795	0.0	1.0698304739498775e-05	5.349152369749388e-05	9.985084423532191e-05	0.0	0.0	0.0	0.0	0.0	4.6359320537828025e-05	1.7830507899164626e-06	0.0	0.0	0.0	0.0	0.0	0.0	0.0	0.0	0.0	0.0	9.48853875822813e-05	0.0	0.0	0.0	0.0	0.0	0.00030719720587877875	0.0	0.0	0.0	0.0	0.008579733484714806	4.930313038174482e-05	7.316985188446393e-06	0.0	0.0	0.0	0.0	5.5445855929598845e-06	0.0006336116883348587	0.0	0.0	0.0	0.0	0.000128837716124802	1.4951871421082676e-05	0.0	0.0	0.0	0.0
SRR14514171_2	0.0	0.0	0.0	2.85288126386634e-05	4.9925422117660955e-05	2.139660947899755e-05	0.0008023728554624081	0.0	0.0	3.566101579832925e-06	0.00023179660268914012	0.0	8.915253949582314e-06	0.0	0.0	0.0	0.0	0.0	0.0	0.001044867762891047	0.0003708745643026242	0.0	0.0	0.0	0.0	0.0	5.749905454484296e-05	0.0	0.0	0.0	0.0001467573714189367	0.001372663158991797	0.0010917312439344094	0.0	0.0	0.0	0.0	0.0	0.0	0.0	0.0	0.0	0.0	3.166211973794194e-05	0.0005917898547878375	0.0	0.0	0.0	4.50772632744511e-05	0.0	0.0	0.0	0.0	0.0	0.0
SRR14514172_1	0.0	0.05737927505627573	6.0056807734436e-05	0.00021019882707052598	0.0	0.0	6.506154171230567e-05	0.00010009467955739334	0.0	0.0	0.0	0.0	0.0	4.254023881189217e-05	2.5023669889348335e-06	0.0	0.0	0.0	0.0	0.0	0.0	0.0	0.0	0.0	0.0	7.55412701977527e-05	0.0	0.0	0.0	0.0	0.0	0.00029397492260982346	0.0	0.0	0.0	0.0	0.00868341221393446	6.251621351485401e-05	7.841276258669903e-06	0.0	0.0	0.0	0.0	2.6662307557129792e-06	0.0006026376082132917	0.0	0.0	0.0	0.0	0.00010836186817377799	8.13315867646181e-06	0.0	0.0	0.0	0.0
SRR14514172_2	0.0	0.0	0.0	3.0028403867218e-05	4.0037871822957336e-05	1.5014201933609e-05	0.00090085211601654	0.0	0.0	0.0	0.00023522249695987434	0.0	7.5071009668045e-06	0.0	0.0	0.0	0.0	0.0	0.0	0.00105099413535263	0.00037035031436235535	0.0	0.0	0.0	0.0	0.0	4.54847192822107e-05	0.0	0.0	0.0	0.00011757050569042524	0.0013817863688030888	0.0009977762447682967	0.0	0.0	0.0	0.0	0.0	0.0	0.0	0.0	0.0	0.0	2.4103559174398465e-05	0.0005891943055742463	0.0	0.0	0.0	3.532157769641256e-05	0.0	0.0	0.0	0.0	0.0	0.0
SRR14514173_1	0.0	0.06048381717615898	3.480081540630551e-05	3.866757267367279e-05	0.0	2.3200543604203675e-05	0.00019333786336836397	0.0	0.0	0.0	0.0	0.0	0.0	1.1600271802101838e-05	0.0	0.0	0.0	0.0	0.0	0.0	0.0	0.0	0.0	0.0	3.876742988493555e-06	7.180940247473831e-05	1.7490065594159e-05	0.0	0.0	0.0	0.0	0.0007633866603935857	0.0	0.0	0.0	0.0	0.007338355977666443	1.9779189480066224e-06	3.765219836026262e-05	0.0	0.0	0.0	0.0	0.0	2.8159558252159553e-05	0.0	0.0	0.0	4.054683982086487e-06	4.667851326743383e-05	6.704063830813807e-05	0.0	0.0	0.0	0.0
SRR14514173_2	0.0	0.0	7.733514534734559e-06	1.1600271802101838e-05	1.5467029069469118e-05	1.1600271802101838e-05	0.0006689490072545393	0.0	0.0	7.733514534734559e-06	1.5467029069469118e-05	0.0	4.833446584209099e-05	0.0	0.0	0.0	0.0	0.0	0.0	0.0007598178030376704	0.0008506865988208015	0.0	0.0	0.0	0.0	0.0	0.0	0.0	0.0	0.0	0.0005093138916989848	0.0009281669611062133	0.0016178804928099367	0.0	0.0	0.0	0.0	0.0	0.0	0.0	0.0	0.0	0.0	2.0108337690977682e-06	0.00042534871085171607	2.02115882454011e-06	0.0	0.0	0.0	0.0	0.0	0.0	0.0	0.0	0.0
SRR14514174_1	0.0	0.05713858258341768	9.27922015720712e-05	0.00019986012646292257	0.0	3.568930829695046e-06	9.636113240176625e-05	0.00011063685572054644	0.0	0.0	0.0	0.0	0.0	5.531842786027322e-05	1.784465414847523e-06	0.0	0.0	0.0	0.0	0.0	0.0	0.0	0.0	0.0	0.0	6.517014177094538e-05	0.0	0.0	0.0	0.0	0.0	0.00028921631430917246	0.0	0.0	0.0	0.0	0.008428952887072528	2.9544010649079553e-05	3.973109044441052e-06	0.0	0.0	0.0	0.0	8.35441465441191e-06	0.0006273928064535019	0.0	0.0	0.0	0.0	0.00010162871475656723	1.947346308992233e-05	0.0	0.0	0.0	0.0
SRR14514174_2	0.0	0.0	0.0	2.855144663756037e-05	3.925823912664551e-05	2.1413584978170277e-05	0.0008351298141486409	0.0	0.0	3.568930829695046e-06	0.0002480406926638057	0.0	1.0706792489085139e-05	0.0	0.0	0.0	0.0	0.0	0.0	0.001077817110567904	0.00033726396340618184	3.568930829695046e-06	0.0	0.0	0.0	0.0	5.0990253486208184e-05	0.0	0.0	0.0	0.00013268221126603536	0.001362447250333047	0.0009343335237882832	0.0	0.0	0.0	0.0	0.0	0.0	0.0	0.0	0.0	0.0	1.8860323857326846e-05	0.0006040719024453975	0.0	0.0	0.0	3.68430164149075e-05	0.0	0.0	0.0	0.0	0.0	0.0
SRR14514175_1	0.0	0.060249535318804476	3.91434091208449e-05	5.480077276918286e-05	0.0	2.3486045472506943e-05	0.0002387747956371539	0.0	0.0	0.0	0.0	0.0	0.0	2.1528875016464696e-05	0.0	0.0	0.0	0.0	0.0	0.0	0.0	0.0	0.0	0.0	3.9325627620795005e-06	0.00010249110342730052	4.1487854015858314e-05	0.0	0.0	0.0	0.0	0.0008136866259119228	0.0	0.0	0.0	0.0	0.00700232245051648	1.0212083738106293e-05	6.351854679072236e-05	0.0	0.0	0.0	0.0	0.0	6.288081407011035e-05	0.0	0.0	0.0	4.235286962503437e-06	5.511206126188899e-05	5.940284946134133e-05	0.0	0.0	0.0	0.0
SRR14514175_2	0.0	0.0	1.1743022736253472e-05	1.565736364833796e-05	1.957170456042245e-05	3.91434091208449e-06	0.0007319817505597997	0.0	0.0	3.91434091208449e-06	2.740038638459143e-05	0.0	7.241530687356308e-05	0.0	0.0	0.0	0.0	0.0	0.0	0.0007769966710487713	0.0008885553870431794	1.957170456042245e-06	0.0	0.0	0.0	0.0	0.0	0.0	0.0	0.0	0.0005792176080870162	0.0009410558034830968	0.0015917260265482956	0.0	0.0	0.0	0.0	0.0	0.0	0.0	0.0	0.0	0.0	4.195454124764918e-06	0.0004212617459096169	4.230124616721628e-06	0.0	0.0	0.0	0.0	0.0	0.0	0.0	0.0	0.0
SRR14514176_1	0.0	0.0604149317762638	1.9174473713426368e-05	6.519321062564965e-05	0.0	3.834894742685274e-06	0.00019174473713426366	0.0	0.0	0.0	0.0	0.0	0.0	1.1504684228055821e-05	0.0	0.0	0.0	0.0	0.0	0.0	0.0	0.0	0.0	0.0	1.922466133404039e-06	8.66220818319962e-05	2.3129942242221226e-05	0.0	0.0	0.0	0.0	0.0007695436670345475	0.0	0.0	0.0	0.0	0.007093640601377795	9.861222036162877e-06	4.347994936957532e-05	0.0	0.0	0.0	0.0	0.0	5.217650267324305e-05	0.0	0.0	0.0	0.0	5.875915774137011e-05	6.895413351536144e-05	0.0	0.0	0.0	0.0
SRR14514176_2	0.0	0.0	1.5339578970741097e-05	1.5339578970741097e-05	1.1504684228055821e-05	0.0	0.0006979508431687199	0.0	0.0	5.752342114027911e-06	1.9174473713426368e-05	0.0	5.752342114027911e-05	0.0	0.0	0.0	0.0	0.0	0.0	0.0007535568169376564	0.0008647687644755292	1.917447371342637e-06	0.0	0.0	0.0	0.0	0.0	0.0	0.0	0.0	0.0005155388385577824	0.0009084598107462847	0.0016623732165649936	0.0	0.0	0.0	0.0	0.0	0.0	0.0	0.0	0.0	0.0	6.052201447928674e-06	0.0004127966391554569	0.0	0.0	0.0	0.0	0.0	0.0	0.0	0.0	0.0	0.0
SRR14514177_1	0.0	0.06016407678841688	4.41085606953203e-05	4.851941676485232e-05	0.0	8.821712139064058e-06	0.00015437996243362103	0.0	0.0	0.0	0.0	0.0	0.0	4.410856069532029e-06	0.0	0.0	0.0	0.0	0.0	0.0	0.0	0.0	0.0	0.0	2.2161750193195057e-06	5.331633845424917e-05	1.558716979972491e-05	0.0	0.0	0.0	0.0	0.0008354176627705195	0.0	0.0	0.0	0.0	0.007206127175282291	6.900825952957484e-06	3.2306999198301815e-05	0.0	0.0	0.0	0.0	0.0	5.901940997304324e-05	0.0	0.0	0.0	0.0	5.017508476363784e-05	4.5439849250669384e-05	0.0	0.0	0.0	0.0
SRR14514177_2	0.0	0.0	4.410856069532029e-06	2.6465136417192174e-05	2.205428034766015e-05	0.0	0.0007145586832641888	0.0	0.0	1.1027140173830074e-05	1.5437996243362103e-05	0.0	6.395741300821443e-05	0.0	0.0	0.0	0.0	0.0	0.0	0.0007344075355770829	0.000895403782115002	4.410856069532029e-06	0.0	0.0	0.0	0.0	0.0	0.0	0.0	0.0	0.0005650832100849181	0.0008731751631335014	0.0016361698115792305	0.0	0.0	0.0	0.0	0.0	0.0	0.0	0.0	0.0	0.0	9.479071016915688e-06	0.00039988605151751043	2.3911493233776714e-06	0.0	0.0	0.0	0.0	0.0	0.0	0.0	0.0	0.0
SRR14514178_1	0.0	0.056617204204742866	5.085846148850589e-05	0.0002621166861330688	0.0	1.1736568035809053e-05	8.606816559593305e-05	0.00010171692297701178	0.0	0.0	0.0	0.0	0.0	4.499017747060137e-05	0.0	0.0	0.0	0.0	0.0	0.0	0.0	0.0	0.0	0.0	0.0	0.00010633529542957904	0.0	0.0	0.0	0.0	0.0	0.0003278468954998016	0.0	0.0	0.0	0.0	0.008641068279449713	5.493848558117064e-05	4.082164667419717e-06	0.0	0.0	0.0	0.0	0.0	0.0005358960256616211	0.0	0.0	0.0	0.0	0.00015165866235416833	2.740379155908834e-05	0.0	0.0	0.0	0.0
SRR14514178_2	0.0	0.0	0.0	1.1736568035809053e-05	3.129751476215747e-05	3.5209704107427156e-05	0.0008567694666140607	0.0	0.0	1.956094672634842e-06	0.00018387289922767514	0.0	1.5648757381078735e-05	0.0	0.0	0.0	0.0	0.0	0.0	0.0010465106498596403	0.0003755701771458897	0.0	0.0	0.0	0.0	0.0	4.346837825645331e-05	0.0	0.0	0.0	0.00018181183929128066	0.0013986409978506012	0.0009767390401488984	0.0	0.0	0.0	0.0	0.0	0.0	0.0	0.0	0.0	0.0	3.126708224926885e-05	0.0006214944157575829	0.0	0.0	0.0	3.165731755729605e-05	0.0	0.0	0.0	0.0	0.0	0.0
SRR14514179_1	0.0	0.05637956651445348	5.586283528803911e-05	0.00020389934880134274	0.0	1.1172567057607822e-05	6.703540234564694e-05	0.00010334624528287236	0.0	0.0	0.0	0.0	0.0	5.865597705244107e-05	4.1897126466029335e-06	0.0	0.0	0.0	0.0	0.0	0.0	0.0	0.0	0.0	0.0	0.00010271295300668531	0.0	0.0	0.0	0.0	0.0	0.0003140186574973983	0.0	0.0	0.0	0.0	0.008735103876471055	5.4545918788851804e-05	7.41210624352988e-06	0.0	0.0	0.0	0.0	4.600010389890134e-06	0.0005795960669816454	0.0	0.0	0.0	3.1453280586601166e-06	0.0001400995452919713	1.5755008856048027e-05	0.0	0.0	0.0	0.0
SRR14514179_2	0.0	0.0	2.7931417644019555e-06	2.7931417644019555e-05	3.351770117282347e-05	3.0724559408421515e-05	0.0009217367822526453	0.0	0.0	1.3965708822009778e-06	0.00021227877409454865	0.0	9.775996175406845e-06	0.0	0.0	0.0	0.0	0.0	0.0	0.0010530144451795372	0.00036310842937225423	1.3965708822009778e-06	0.0	0.0	0.0	0.0	5.085111344869285e-05	0.0	0.0	0.0	0.00015178606447273466	0.001410199934437922	0.0010046207792557588	0.0	0.0	0.0	0.0	0.0	0.0	0.0	0.0	0.0	0.0	2.4620453019720876e-05	0.0006110673825708786	3.1276255928160197e-06	0.0	0.0	3.9418282644128576e-05	0.0	0.0	0.0	0.0	0.0	0.0
SRR14514180_1	0.0	0.0603352870681863	2.183529497256308e-05	6.550588491768923e-05	0.0	1.7468235978050464e-05	0.0002445553036927065	0.0	0.0	0.0	0.0	0.0	0.0	1.965176547530677e-05	0.0	0.0	0.0	0.0	0.0	0.0	0.0	0.0	0.0	0.0	4.382122194732439e-06	6.803802201706002e-05	3.0779995649907184e-05	0.0	0.0	0.0	0.0	0.0008953114339712261	0.0	0.0	0.0	0.0	0.0071205582985808535	6.77115461051303e-06	4.527739456122956e-05	0.0	0.0	0.0	0.0	0.0	6.02160598547635e-05	0.0	0.0	0.0	0.0	5.858113720656035e-05	5.862985637256468e-05	0.0	0.0	0.0	0.0
SRR14514180_2	0.0	4.367058994512616e-06	0.0	2.6202353967075696e-05	2.6202353967075696e-05	4.367058994512616e-06	0.0006943623801275059	0.0	0.0	4.367058994512616e-06	2.6202353967075696e-05	0.0	5.45882374314077e-05	0.0	0.0	0.0	0.0	0.0	0.0	0.0007533176765534262	0.0009585694492955191	0.0	0.0	0.0	0.0	0.0	0.0	0.0	0.0	0.0	0.0006484877343764037	0.0009907533766600547	0.0017388624576090892	0.0	0.0	0.0	0.0	0.0	0.0	0.0	0.0	0.0	0.0	2.3138017766943424e-06	0.0004321989620951054	0.0	0.0	0.0	0.0	0.0	0.0	0.0	0.0	0.0	0.0
SRR14514181_1	0.0	0.06033493691506756	2.552644218734679e-05	3.509885800760184e-05	0.0	1.2763221093673395e-05	0.00023292878495953948	0.0	0.0	0.0	0.0	0.0	0.0	1.5954026367091744e-05	0.0	0.0	0.0	0.0	0.0	0.0	0.0	0.0	0.0	0.0	1.6010772303778339e-06	7.2182397411289e-05	3.053407831341837e-05	0.0	0.0	0.0	0.0	0.0008552044278388096	0.0	0.0	0.0	0.0	0.007213366113672137	6.610361043542662e-06	3.6466369056893504e-05	0.0	0.0	0.0	0.0	0.0	5.7671202902557715e-05	0.0	0.0	0.0	0.0	5.6665380419768895e-05	6.187887893553752e-05	0.0	0.0	0.0	0.0
SRR14514181_2	0.0	0.0	3.1908052734183487e-06	9.572415820255047e-06	2.871724746076514e-05	0.0	0.0007243127970659652	0.0	0.0	0.0	2.3931039550637618e-05	0.0	5.264828701140276e-05	0.0	0.0	0.0	0.0	0.0	0.0	0.0007482438366166028	0.000914165710834357	0.0	0.0	0.0	0.0	0.0	0.0	0.0	0.0	0.0	0.000567403006195423	0.0008835119345101832	0.0017277259228438795	0.0	0.0	0.0	0.0	0.0	0.0	0.0	0.0	0.0	0.0	8.466673850921651e-06	0.0004149147782900331	0.0	0.0	0.0	0.0	0.0	0.0	0.0	0.0	0.0	0.0
SRR14514182_1	0.0	0.05870544201930571	2.8581902818029137e-05	5.180469885767781e-05	0.0	5.3591067783804625e-06	0.0002643826010667695	0.0	0.0	0.0	0.0	0.0	0.0	1.4290951409014568e-05	0.0	0.0	0.0	0.0	0.0	0.0	0.0	0.0	0.0	0.0	8.971501827073263e-06	8.90126034203947e-05	3.965229550923695e-05	0.0	0.0	0.0	0.0	0.0008082880412706577	0.0	0.0	0.0	0.0	0.00716667872874968	4.660099213698663e-06	5.7068293074350056e-05	0.0	0.0	0.0	0.0	0.0	5.1905755872523506e-05	0.0	0.0	0.0	1.9453764932357363e-06	7.010039018461347e-05	6.723757277663326e-05	0.0	0.0	1.9549966611100774e-06	0.0
SRR14514182_2	0.0	5.3591067783804625e-06	3.572737852253642e-06	1.965005818739503e-05	1.4290951409014568e-05	1.786368926126821e-06	0.000698470250115587	0.0	0.0	6.252291241443873e-06	2.4115980502712085e-05	0.0	6.162972795137533e-05	0.0	0.0	0.0	0.0	0.0	0.0	0.000748488580047138	0.0008672821136345716	8.931844630634105e-07	0.0	0.0	0.0	0.0	0.0	0.0	0.0	0.0	0.0005546887934945806	0.0009453428913326059	0.0016984126460978	0.0	0.0	0.0	0.0	0.0	0.0	0.0	0.0	0.0	0.0	4.794849717662466e-06	0.0004095417010585333	9.684803799046365e-07	0.0	0.0	0.0	0.0	0.0	0.0	0.0	0.0	0.0
SRR14514183_1	0.0	0.05633925890651118	6.789306028288721e-05	0.00016773579599301547	0.0	1.1981128285215393e-05	0.00010383644513853339	0.00010383644513853339	0.0	0.0	0.0	0.0	0.0	4.193394899825387e-05	0.0	0.0	0.0	0.0	0.0	0.0	0.0	0.0	0.0	0.0	0.0	9.821576038240809e-05	0.0	0.0	0.0	0.0	0.0	0.0002832385209243975	0.0	0.0	0.0	0.0	0.008529777434654435	4.499434809631981e-05	2.0491550493577928e-06	0.0	0.0	0.0	0.0	2.072933125539753e-06	0.0006610387600492702	0.0	0.0	0.0	0.0	0.00011321112625531222	1.2589820500634211e-05	0.0	0.0	0.0	0.0
SRR14514183_2	0.0	0.0	0.0	3.9937094284051304e-05	4.393080371245644e-05	1.5974837713620524e-05	0.0008466663988218876	0.0	0.0	0.0	0.00028555022413096685	0.0	9.984273571012826e-06	0.0	0.0	0.0	0.0	0.0	0.0	0.0010503455796705492	0.0003174998995582079	1.9968547142025655e-06	0.0	0.0	0.0	0.0	6.230725326573922e-05	0.0	0.0	0.0	0.00013974969978118842	0.0013962472607779938	0.0009963912538890525	0.0	0.0	0.0	0.0	0.0	0.0	0.0	0.0	0.0	0.0	3.3343356485223443e-05	0.0005767917314146733	2.0959104113993382e-06	0.0	0.0	5.2606855940102085e-05	0.0	0.0	0.0	0.0	0.0	0.0
SRR14514184_1	0.0	0.05642994267508684	9.551445950420927e-05	0.00018784510369161157	0.0	3.1838153168069755e-06	6.049249101933254e-05	0.000130536427989086	0.0	0.0	0.0	0.0	0.0	5.094104506891161e-05	1.5919076584034877e-06	0.0	0.0	0.0	0.0	0.0	0.0	0.0	0.0	0.0	0.0	0.00011082399665253709	0.0	0.0	0.0	0.0	0.0	0.00031471757048526173	0.0	0.0	0.0	0.0	0.008692046237471253	4.70312521494752e-05	5.0608559493145155e-06	0.0	0.0	0.0	0.0	3.456420499822599e-06	0.0005749821547079296	0.0	0.0	0.0	0.0	0.00012667121334220853	1.4087382554812333e-05	0.0	0.0	0.0	0.0
SRR14514184_2	0.0	0.0	3.1838153168069755e-06	2.865433785126278e-05	4.4573414435297666e-05	1.5919076584034878e-05	0.0008405272436370416	0.0	0.0	0.0	0.0002387861487605232	0.0	2.0694799559245342e-05	0.0	0.0	0.0	0.0	0.0	0.0	0.0010331480703038637	0.0003534035001655743	1.5919076584034877e-06	0.0	0.0	0.0	0.0	4.8375636429872876e-05	0.0	0.0	0.0	0.00013906698097331376	0.0013598472004736999	0.0009810159724568967	0.0	0.0	0.0	0.0	0.0	0.0	0.0	0.0	0.0	0.0	2.9449789071082802e-05	0.0005675504460076029	1.7497721840360688e-06	0.0	0.0	4.222277506690947e-05	0.0	0.0	0.0	0.0	0.0	0.0
SRR14514185_1	0.0	0.060933108106341644	4.127948610892547e-05	7.338575308253416e-05	0.0	0.0	0.00027978318362716146	0.0	0.0	0.0	0.0	0.0	0.0	9.17321913531677e-06	0.0	0.0	0.0	0.0	0.0	0.0	0.0	0.0	0.0	0.0	2.3107046489205475e-06	6.957029098122054e-05	3.0253785039410207e-05	0.0	0.0	0.0	0.0	0.0008627824611116212	0.0	0.0	0.0	0.0	0.0072355669645320485	7.2752163667535515e-06	4.624878423508442e-05	0.0	0.0	0.0	0.0	0.0	6.729639643499583e-05	0.0	0.0	0.0	2.5176103698357044e-06	5.544221402937505e-05	4.0356329235711405e-05	0.0	0.0	0.0	0.0
SRR14514185_2	0.0	0.0	0.0	9.17321913531677e-06	1.834643827063354e-05	4.586609567658385e-06	0.0006191922916338819	0.0	0.0	2.2933047838291925e-06	1.834643827063354e-05	0.0	5.0452705244242234e-05	0.0	0.0	0.0	0.0	0.0	0.0	0.0006604717777428075	0.0009081486943963602	2.2933047838291925e-06	0.0	0.0	0.0	0.0	0.0	0.0	0.0	0.0	0.0005284078330324134	0.0008351566993093967	0.0016437858682199805	0.0	0.0	0.0	0.0	0.0	0.0	0.0	0.0	0.0	0.0	2.4993271186564796e-06	0.00035134601536852724	2.519959528441989e-06	0.0	0.0	0.0	0.0	0.0	0.0	0.0	0.0	0.0
SRR14514186_1	0.0	0.056345564529734174	9.441447447437599e-05	0.00015901385174631744	0.0	9.93836573414484e-06	2.981509720243452e-05	0.00013913712027802778	0.0	0.0	0.0	0.0	0.0	4.472264580365178e-05	2.48459143353621e-06	0.0	0.0	0.0	0.0	0.0	0.0	0.0	0.0	0.0	0.0	9.506375212877135e-05	2.507188988345733e-06	0.0	0.0	0.0	0.0	0.00028670612943959686	0.0	0.0	0.0	0.0	0.008499210929038612	2.837811464319745e-05	1.2937058802632256e-05	0.0	0.0	0.0	0.0	5.26170081900741e-06	0.0006259385116037907	0.0	0.0	0.0	5.33154250374994e-06	0.0001334107008669801	2.4033209409204433e-05	0.0	0.0	0.0	0.0
SRR14514186_2	0.0	0.0	0.0	3.975346293657936e-05	3.975346293657936e-05	2.4845914335362103e-05	0.0008497302702693838	0.0	0.0	0.0	0.00021367486328411405	0.0	1.2422957167681051e-05	0.0	0.0	0.0	0.0	0.0	0.0	0.0010733434992876427	0.0003503273921286056	0.0	0.0	0.0	0.0	0.0	5.7719988190992326e-05	0.0	0.0	0.0	0.00012679456789755283	0.0014213747246467879	0.0010429269231559714	0.0	0.0	0.0	0.0	0.0	0.0	0.0	0.0	0.0	0.0	2.1115584917011e-05	0.0006173178044787599	5.319088813490805e-06	0.0	0.0	5.075555927644263e-05	0.0	0.0	0.0	0.0	0.0	0.0
SRR14514187_1	0.0	0.0564530358101799	0.00011303040506593233	0.00024301537089175453	0.0	0.0	9.042432405274586e-05	0.00010172736455933911	0.0	0.0	0.0	0.0	0.0	4.521216202637293e-05	2.825760126648308e-06	0.0	0.0	0.0	0.0	0.0	0.0	0.0	0.0	0.0	0.0	0.00010800272632987381	0.0	0.0	0.0	0.0	0.0	0.00032514393589726877	0.0	0.0	0.0	0.0	0.008606300376891883	5.256273099130157e-05	8.784625663528398e-06	0.0	0.0	0.0	0.0	2.9758378925401726e-06	0.0005824129739867187	0.0	0.0	0.0	0.0	0.0001417734122426047	1.8112825879170908e-05	0.0	0.0	0.0	0.0
SRR14514187_2	0.0	0.0	5.651520253296616e-06	2.2606081013186465e-05	2.8257601266483082e-05	4.521216202637293e-05	0.0008759856392609757	0.0	0.0	2.825760126648308e-06	0.00022888657025851297	0.0	1.978032088653816e-05	0.0	0.0	0.0	0.0	0.0	0.0	0.001034228206353281	0.0003645230563376318	0.0	0.0	0.0	0.0	0.0	5.41502921408261e-05	0.0	0.0	0.0	0.00014377618487823048	0.0013777036533501616	0.0010198670388073855	0.0	0.0	0.0	0.0	0.0	0.0	0.0	0.0	0.0	0.0	3.5788594980023254e-05	0.0006015886069533407	3.004081675813745e-06	0.0	0.0	3.0171927790973473e-05	0.0	0.0	0.0	0.0	0.0	0.0
SRR14514188_1	0.0	0.059648156362231544	2.682825623488675e-05	8.048476870466025e-05	0.0	4.471376039147792e-06	0.00019226916968335505	0.0	0.0	0.0	0.0	0.0	0.0	6.707064058721688e-06	0.0	0.0	0.0	0.0	0.0	0.0	0.0	0.0	0.0	0.0	0.0	7.63658686972441e-05	2.924101701336841e-05	0.0	0.0	0.0	0.0	0.0008215469601818036	0.0	0.0	0.0	0.0	0.007423410412771304	2.306976222272914e-06	4.624660795582709e-05	0.0	0.0	0.0	0.0	0.0	5.4082104299877655e-05	0.0	0.0	0.0	0.0	4.7484886985019275e-05	6.65370793677333e-05	0.0	0.0	0.0	0.0
SRR14514188_2	0.0	0.0	4.471376039147792e-06	2.682825623488675e-05	2.2356880195738955e-05	0.0	0.0006170498934023953	0.0	0.0	1.1178440097869477e-05	2.9063944254460646e-05	0.0	7.824908068508634e-05	0.0	0.0	0.0	0.0	0.0	0.0	0.0006550565897351514	0.0008853324557512626	2.235688019573896e-06	0.0	0.0	0.0	0.0	0.0	0.0	0.0	0.0	0.0006000989592846547	0.0008259829053571169	0.0016082569610110333	0.0	0.0	0.0	0.0	0.0	0.0	0.0	0.0	0.0	0.0	9.464071403768802e-06	0.0003299690496153095	0.0	0.0	0.0	0.0	0.0	0.0	0.0	0.0	0.0	0.0
SRR14514189_1	0.0	0.057430446350150356	7.145206311707788e-05	0.0001599165222144124	0.0	1.360991678420531e-05	6.12446255289239e-05	0.0001360991678420531	0.0	0.0	0.0	0.0	0.0	3.4024791960513274e-05	1.7012395980256638e-06	0.0	0.0	0.0	0.0	0.0	0.0	0.0	0.0	0.0	1.7337732262763042e-06	8.757465257471405e-05	1.7692595401128294e-06	0.0	0.0	0.0	0.0	0.0003547291205917959	0.0	0.0	0.0	0.0	0.0086272144853994	3.973866764571589e-05	8.507280275241143e-06	0.0	0.0	0.0	0.0	2.3365964915863483e-06	0.0005986547345635267	0.0	0.0	0.0	0.0	0.00010426132674573863	2.2360059567198687e-05	0.0	0.0	0.0	0.0
SRR14514189_2	0.0	0.0	0.0	1.360991678420531e-05	3.74272711565646e-05	4.423222954866726e-05	0.0008370098822286265	0.0	0.0	1.7012395980256638e-06	0.00025688717930187524	0.0	8.506197990128318e-06	0.0	0.0	0.0	0.0	0.0	0.0	0.0010564697903739373	0.0003810776699577487	1.7012395980256638e-06	0.0	0.0	0.0	0.0	5.8437794136897155e-05	0.0	0.0	0.0	0.00015542513493336081	0.0014385868599742263	0.001029719220058267	0.0	0.0	0.0	0.0	0.0	0.0	0.0	0.0	0.0	0.0	1.8741452872566907e-05	0.0005954249697463138	4.882902147031606e-06	0.0	0.0	3.23124512625705e-05	0.0	0.0	0.0	0.0	0.0	0.0
SRR14514190_1	0.0	0.05653496704227398	4.065435832253409e-05	0.00024392614993520457	0.0	1.0163589580633523e-05	6.606333227411791e-05	0.00014229025412886934	0.0	0.0	0.0	0.0	0.0	2.7949871346742192e-05	0.0	0.0	0.0	0.0	0.0	0.0	0.0	0.0	0.0	0.0	0.0	7.413523801245983e-05	0.0	0.0	0.0	0.0	0.0	0.00032384296414242304	0.0	0.0	0.0	0.0	0.00884382876657972	4.208520069971907e-05	7.91157558975126e-06	0.0	0.0	0.0	0.0	2.676371618374351e-06	0.0005558319051541325	0.0	0.0	0.0	2.7077386575129215e-06	0.00010028096286528189	1.0851333208362145e-05	0.0	0.0	0.0	0.0
SRR14514190_2	0.0	0.0	5.081794790316762e-06	2.0327179161267047e-05	1.5245384370950286e-05	2.5408973951583813e-05	0.0008029235768700483	0.0	0.0	0.0	0.00023630345774972944	0.0	7.622692185475143e-06	0.0	0.0	0.0	0.0	0.0	0.0	0.0010773404955471534	0.00038113460927375714	2.540897395158381e-06	0.0	0.0	0.0	0.0	3.590950793739916e-05	0.0	0.0	0.0	0.00013474229551327849	0.0014003178175867551	0.0010237094494816188	0.0	0.0	0.0	0.0	0.0	0.0	0.0	0.0	0.0	0.0	1.61279939100695e-05	0.0006229169864958879	0.0	0.0	0.0	1.901710681126478e-05	0.0	0.0	0.0	0.0	0.0	0.0
SRR14514191_1	0.0	0.05707333416352638	6.826176201355814e-05	0.0002697964879583489	0.0	3.250560095883721e-06	7.151232210944188e-05	0.0001365235240271163	0.0	0.0	0.0	0.0	0.0	4.7133121390313956e-05	0.0	0.0	0.0	0.0	0.0	0.0	0.0	0.0	0.0	0.0	0.0	8.199278814393466e-05	3.2898176541254487e-06	0.0	0.0	0.0	0.0	0.00031155031069354734	0.0	0.0	0.0	0.0	0.008527790117953668	5.3330394541871524e-05	5.186166612793921e-06	0.0	1.7468802029735044e-06	0.0	0.0	1.2444830953238672e-05	0.0006118339418278307	0.0	0.0	0.0	1.8140199616570602e-06	0.00013072816313131717	4.54284827210222e-05	0.0	0.0	0.0	0.0
SRR14514191_2	0.0	0.0	0.0	2.2753920671186052e-05	2.9255040862953497e-05	1.625280047941861e-05	0.0008483961850256512	0.0	0.0	1.6252800479418605e-06	0.00022591392666391864	0.0	8.126400239709305e-06	0.0	0.0	0.0	0.0	0.0	0.0	0.0010353033905389653	0.00035918689059515123	3.250560095883721e-06	0.0	0.0	0.0	0.0	4.6092071381803265e-05	0.0	0.0	0.0	0.0001403588554858206	0.0013571705265977658	0.0009904819902664256	0.0	0.0	0.0	0.0	0.0	0.0	0.0	0.0	0.0	0.0	3.3843426805850076e-05	0.0005466291904862577	1.803639824526046e-06	0.0	0.0	3.267221410610138e-05	0.0	0.0	0.0	0.0	0.0	0.0
SRR14514192_1	0.0	0.057181536004929534	7.756456297939308e-05	0.00023034324763577336	0.0	4.700882604811702e-06	7.286368037458136e-05	0.0001480778020515686	0.0	0.0	0.0	0.0	0.0	5.053448800172579e-05	0.0	0.0	0.0	0.0	0.0	0.0	0.0	0.0	0.0	0.0	0.0	8.160693951351597e-05	2.3706851973645803e-06	0.0	0.0	0.0	0.0	0.0002969061822863079	0.0	0.0	0.0	0.0	0.008446240261924236	5.405379839419678e-05	8.634240095472e-06	0.0	2.488771998457907e-06	0.0	0.0	6.3205786626290134e-06	0.000607881777320671	0.0	0.0	0.0	1.289111381492197e-06	0.00011870968967325829	1.9371302567193496e-05	0.0	0.0	0.0	0.0
SRR14514192_2	0.0	0.0	2.350441302405851e-06	1.6453089116840955e-05	3.995750214089946e-05	3.525661953608776e-05	0.0008414579862612946	0.0	0.0	0.0	0.0002456211161014114	0.0	1.4102647814435103e-05	0.0	0.0	0.0	0.0	0.0	0.0	0.0010341941730585744	0.0003572670779656893	0.0	0.0	0.0	0.0	0.0	6.0522818176435864e-05	0.0	0.0	0.0	0.000153729243864819	0.0013603608067255274	0.0009853281614284285	0.0	0.0	0.0	0.0	0.0	0.0	0.0	0.0	0.0	0.0	2.0293605860225152e-05	0.0005868732004442324	2.5672339971404607e-06	0.0	0.0	4.521612084930706e-05	0.0	0.0	0.0	0.0	0.0	0.0
SRR14514193_1	0.0	0.05703049585768184	5.471717528054332e-05	0.00022494838726445587	0.0	6.079686142282592e-06	5.775701835168461e-05	0.0001367929382013583	0.0	0.0	0.0	0.0	0.0	3.9517959924836845e-05	1.519921535570648e-06	0.0	0.0	0.0	0.0	0.0	0.0	0.0	0.0	0.0	1.5253575205411127e-06	7.946737298897879e-05	1.5311710676529716e-06	0.0	0.0	0.0	0.0	0.0003082581968178088	0.0	0.0	0.0	0.0	0.008648676717100621	3.784180134038183e-05	9.49152703246221e-06	0.0	1.5933144525570707e-06	0.0	0.0	3.2268161327899372e-06	0.000565628881911827	0.0	0.0	0.0	0.0	0.00011148936062769953	2.789406366249023e-05	0.0	0.0	0.0	0.0
SRR14514193_2	0.0	0.0	0.0	1.823905842684777e-05	3.0398430711412956e-05	2.1278901497989067e-05	0.0008389966876349975	0.0	0.0	0.0	0.00023102807340673844	0.0	6.079686142282592e-06	0.0	0.0	0.0	0.0	0.0	0.0	0.0010548255456860295	0.00036478116853695544	1.519921535570648e-06	0.0	0.0	0.0	0.0	4.601516000123014e-05	0.0	0.0	0.0	0.00015502805674516765	0.0013712589990620867	0.0010307060267673576	0.0	0.0	0.0	0.0	0.0	0.0	0.0	0.0	0.0	0.0	1.4606736740592714e-05	0.00058203443599404	1.6380167437088733e-06	0.0	0.0	3.6232083358297785e-05	0.0	0.0	0.0	0.0	0.0	0.0
SRR14514194_1	0.0	0.06046605828810609	6.709132681065864e-05	3.354566340532932e-05	0.0	1.677283170266466e-05	0.00023062643591163906	0.0	0.0	0.0	0.0	0.0	0.0	1.048301981416541e-05	0.0	0.0	0.0	0.0	0.0	0.0	0.0	0.0	0.0	0.0	8.412077387747137e-06	8.635343411705814e-05	3.586166812954146e-05	0.0	0.0	0.0	0.0	0.0007603813297459238	0.0	0.0	0.0	0.0	0.007218634183573981	1.2957181740411242e-05	5.195946391082907e-05	0.0	0.0	0.0	0.0	0.0	5.076561163953943e-05	0.0	0.0	0.0	0.0	4.4610541386169525e-05	6.920847980694139e-05	0.0	0.0	0.0	0.0
SRR14514194_2	0.0	0.0	0.0	8.38641585133233e-06	1.2579623776998493e-05	0.0	0.0006415608126269232	0.0	0.0	8.38641585133233e-06	1.4676227739831576e-05	0.0	5.451170303366014e-05	0.0	0.0	0.0	0.0	0.0	0.0	0.0007044589315119156	0.0007820332781367397	2.0966039628330825e-06	0.0	0.0	0.0	0.0	0.0	0.0	0.0	0.0	0.0004986972599675783	0.0008886345457320496	0.0016530130713293342	0.0	0.0	0.0	0.0	0.0	0.0	0.0	0.0	0.0	0.0	2.208264957169266e-06	0.0003634265673906427	2.2241041108472137e-06	0.0	0.0	0.0	0.0	0.0	0.0	0.0	0.0	0.0
SRR14514195_1	0.0	0.05656284321609923	5.217536900436826e-05	0.00021344469138150651	0.0	1.4229646092100436e-05	8.537787655260262e-05	0.00013755324555697086	0.0	0.0	0.0	0.0	0.0	5.6918584368401744e-05	0.0	0.0	0.0	0.0	0.0	0.0	0.0	0.0	0.0	0.0	0.0	8.813758610684848e-05	2.3858006687399273e-06	0.0	0.0	0.0	0.0	0.0003128686058471436	0.0	0.0	0.0	0.0	0.008709045173946214	5.6065296081438006e-05	1.2215978798338108e-05	0.0	2.455281588142915e-06	0.0	0.0	7.428317111291889e-06	0.000640906800649641	0.0	0.0	0.0	0.0	0.00013535485983603212	4.264738402827873e-05	0.0	0.0	0.0	0.0
SRR14514195_2	0.0	0.0	0.0	2.3716076820167392e-05	3.7945722912267825e-05	9.486430728066956e-06	0.0008300626887058587	0.0	0.0	0.0	0.0003130522140262096	0.0	1.1858038410083696e-05	0.0	0.0	0.0	0.0	0.0	0.0	0.0010245345186312314	0.00036997079839461134	2.371607682016739e-06	0.0	0.0	0.0	0.0	7.171084580647881e-05	0.0	0.0	0.0	0.00014463261844483393	0.0013360222250317075	0.0010388752947172973	0.0	0.0	0.0	0.0	0.0	0.0	0.0	0.0	0.0	0.0	1.7439803900865578e-05	0.0005648436230429605	2.507230162299778e-06	0.0	0.0	4.5314759719619456e-05	0.0	0.0	0.0	0.0	0.0	0.0
SRR14514196_1	0.0	0.059690446051091084	2.9346335325020202e-05	2.9346335325020202e-05	0.0	0.0	0.0003374828562377323	0.0	0.0	0.0	0.0	0.0	0.0	0.0	0.0	0.0	0.0	0.0	0.0	0.0	0.0	0.0	0.0	0.0	0.0	7.422564283674671e-05	5.2164689289598154e-05	0.0	0.0	0.0	0.0	0.0007929075033751937	0.0	0.0	0.0	0.0	0.006994589286166956	0.0	8.701363432456893e-05	0.0	0.0	0.0	0.0	0.0	4.1078602509228926e-05	0.0	0.0	0.0	0.0	2.5055608835843753e-05	8.360781080890138e-05	0.0	0.0	0.0	0.0
SRR14514196_2	0.0	0.0	0.0	1.4673167662510101e-05	1.4673167662510101e-05	0.0	0.0006309462094879343	0.0	0.0	7.336583831255051e-06	2.200975149376515e-05	0.0	5.135608681878536e-05	0.0	0.0	0.0	0.0	0.0	0.0	0.000718985215462995	0.0009097363950756263	0.0	0.0	0.0	0.0	0.0	0.0	0.0	0.0	0.0	0.0005853864432406264	0.0009626168509899674	0.001658457557690905	0.0	0.0	0.0	0.0	0.0	0.0	0.0	0.0	0.0	0.0	8.182668584247773e-06	0.0003047599467674977	0.0	0.0	0.0	0.0	0.0	0.0	0.0	0.0	0.0	0.0
SRR14514197_1	0.0	0.057547141011969866	8.842393804429409e-05	0.00019369053095416797	0.0	8.421327432789913e-06	7.158128317871425e-05	0.00010526659290987389	0.0	0.0	0.0	0.0	0.0	4.210663716394956e-05	2.1053318581974783e-06	0.0	0.0	0.0	0.0	0.0	0.0	0.0	0.0	0.0	0.0	0.00011028762780029566	0.0	0.0	0.0	0.0	0.0	0.00030161875337866867	0.0	0.0	0.0	0.0	0.008705052485934266	3.509754661129678e-05	1.1003446543540154e-05	0.0	0.0	0.0	0.0	2.24139235292964e-06	0.0006189053854806058	0.0	0.0	0.0	0.0	0.00011143739272160998	2.0484116138383587e-05	0.0	0.0	0.0	0.0
SRR14514197_2	0.0	0.0	0.0	2.526398229836974e-05	2.526398229836974e-05	2.105331858197478e-05	0.0008337114158462012	0.0	0.0	0.0	0.0002400078318345125	0.0	1.263199114918487e-05	0.0	0.0	0.0	0.0	0.0	0.0	0.001061087256531529	0.0003452744247443864	0.0	0.0	0.0	0.0	0.0	6.176497549336158e-05	0.0	0.0	0.0	0.0001206977944698038	0.0013879560781515261	0.0009802181779162353	0.0	0.0	0.0	0.0	0.0	0.0	0.0	0.0	0.0	0.0	2.7050396376220702e-05	0.0006133804995022224	0.0	0.0	0.0	5.253943535777448e-05	0.0	0.0	0.0	0.0	0.0	0.0
SRR14514198_1	0.0	0.05798420308265922	6.468169900712416e-05	0.00017052447920060007	0.0	5.880154455193105e-06	7.644200791751037e-05	0.0001293633980142483	0.0	0.0	0.0	0.0	0.0	5.8801544551931056e-05	0.0	0.0	0.0	0.0	0.0	0.0	0.0	0.0	0.0	0.0	0.0	8.8694515187354e-05	0.0	0.0	0.0	0.0	0.0	0.0003743670127674725	0.0	0.0	0.0	0.0	0.00913480237278846	7.620132377549273e-05	6.117667772526881e-06	0.0	0.0	0.0	0.0	0.0	0.0006031920925537947	0.0	0.0	0.0	0.0	0.0001431348062053328	2.2280837801516632e-05	0.0	0.0	0.0	0.0
SRR14514198_2	0.0	0.0	0.0	1.176030891038621e-05	4.116108118635174e-05	0.0	0.0008291017781822278	0.0	0.0	2.9400772275965527e-06	0.000223445869297338	0.0	1.764046336557932e-05	0.0	0.0	0.0	0.0	0.0	0.0	0.001064307956389952	0.0003969104257255346	0.0	0.0	0.0	0.0	0.0	5.039793916304676e-05	0.0	0.0	0.0	0.0001526166620467708	0.0013621218281763122	0.00104388862773289	0.0	0.0	0.0	0.0	0.0	0.0	0.0	0.0	0.0	0.0	2.8207944579537864e-05	0.0005197307265656015	0.0	0.0	0.0	3.502725231680595e-05	0.0	0.0	0.0	0.0	0.0	0.0
SRR14514199_1	0.0	0.056312604311507884	6.288899651891436e-05	0.00020663527427643288	0.0	4.492071179922454e-06	8.534935241852662e-05	8.984142359844908e-05	0.0	0.0	0.0	0.0	0.0	4.941278297914699e-05	0.0	0.0	0.0	0.0	0.0	0.0	0.0	0.0	0.0	0.0	0.0	8.807268245543387e-05	0.0	0.0	0.0	0.0	0.0	0.00034508881820586223	0.0	0.0	0.0	0.0	0.008519895690944808	3.7099720105799126e-05	6.974362522342371e-06	0.0	0.0	0.0	0.0	4.72067227471518e-06	0.0005897637058420643	0.0	0.0	0.0	0.0	0.0001171607502878807	2.153554566239175e-05	0.0	0.0	0.0	0.0
SRR14514199_2	0.0	0.0	0.0	1.3476213539767362e-05	2.6952427079534724e-05	1.3476213539767362e-05	0.0008175569547458866	0.0	0.0	0.0	0.00020888130986639413	0.0	8.984142359844908e-06	0.0	0.0	0.0	0.0	0.0	0.0	0.0010017318731227072	0.0004267467620926331	2.246035589961227e-06	0.0	0.0	0.0	0.0	4.0811943642514944e-05	0.0	0.0	0.0	0.0001442607674118682	0.0013338867547593642	0.0011049316783912195	0.0	0.0	0.0	0.0	0.0	0.0	0.0	0.0	0.0	0.0	2.37912923156386e-05	0.0005539549229687476	2.3965679038636917e-06	0.0	0.0	3.371040914106865e-05	0.0	0.0	0.0	0.0	0.0	0.0
SRR14514200_1	0.0	0.056650310413964254	5.6800665115741215e-05	0.00021717901367783405	0.0	1.0023646785130803e-05	7.350674309095922e-05	0.00010691889904139521	0.0	0.0	0.0	0.0	0.0	5.178884172317581e-05	1.6706077975218002e-06	0.0	0.0	0.0	0.0	0.0	0.0	0.0	0.0	0.0	0.0	8.578863778947106e-05	0.0	0.0	0.0	0.0	0.0	0.00026353177481326206	0.0	0.0	0.0	0.0	0.00857697664404329	4.0399996501009e-05	3.5321024580271875e-06	0.0	0.0	0.0	0.0	0.0	0.0005688215646329946	0.0	0.0	0.0	0.0	0.00011624231783582002	1.8764768576548564e-05	0.0	0.0	0.0	0.0
SRR14514200_2	0.0	0.0	3.3412155950436004e-06	2.6729724760348803e-05	4.009458714052321e-05	2.0047293570261606e-05	0.0009154930730419467	0.0	0.0	1.6706077975218002e-06	0.00019880232790509423	0.0	5.0118233925654014e-06	0.0	0.0	0.0	0.0	0.0	0.0	0.0010858950683891701	0.00034247459849196904	1.6706077975218002e-06	0.0	0.0	0.0	0.0	4.3885624407955494e-05	0.0	0.0	0.0	0.00014181966488218228	0.0014592260268582982	0.0009759093254590474	0.0	0.0	0.0	0.0	0.0	0.0	0.0	0.0	0.0	0.0	2.1971416066554053e-05	0.0006108063415058483	5.58178820287947e-06	0.0	0.0	3.751597641303034e-05	0.0	0.0	0.0	0.0	0.0	0.0
SRR14514201_1	0.0	0.06081488472252599	4.341594483135891e-05	4.341594483135891e-05	0.0	7.235990805226483e-06	0.00022069771955940778	0.0	0.0	0.0	0.0	0.0	0.0	1.628097931175959e-05	0.0	0.0	0.0	0.0	0.0	0.0	0.0	0.0	0.0	0.0	5.445609407529858e-06	8.727485201867006e-05	2.5498912170873017e-05	0.0	0.0	0.0	0.0	0.0008529977816542605	0.0	0.0	0.0	0.0	0.007184045947269884	9.312564377757544e-06	3.9204935117232555e-05	0.0	0.0	0.0	0.0	0.0	5.315136533139174e-05	0.0	0.0	0.0	1.9136953993997122e-06	4.979932118545292e-05	5.558751624760803e-05	0.0	0.0	0.0	0.0
SRR14514201_2	0.0	0.0	0.0	1.4471981610452967e-05	2.1707972415679453e-05	0.0	0.0006331491954573174	0.0	0.0	3.6179954026132417e-06	1.989897471437283e-05	0.0	7.055091035095821e-05	0.0	0.0	0.0	0.0	0.0	0.0	0.000710936096613502	0.0009189708322637634	0.0	0.0	0.0	0.0	0.0	0.0	0.0	0.0	0.0	0.0005847440283016109	0.0008772440353948063	0.0016439466163616539	0.0	0.0	0.0	0.0	0.0	0.0	0.0	0.0	0.0	0.0	5.699667532693151e-06	0.0003506248353706828	0.0	0.0	0.0	0.0	0.0	0.0	0.0	0.0	0.0	0.0
SRR14514202_1	0.0	0.06030318964903494	1.6653739201611415e-05	3.330747840322283e-05	0.0	4.163434800402854e-06	0.00024980608802417127	0.0	0.0	0.0	0.0	0.0	0.0	1.2490304401208562e-05	0.0	0.0	0.0	0.0	0.0	0.0	0.0	0.0	0.0	0.0	2.0912186654147796e-06	8.384099053099853e-05	3.571530390057549e-05	0.0	0.0	0.0	0.0	0.0007980660327496931	0.0	0.0	0.0	0.0	0.006988049808000468	4.337537071844969e-06	5.6583641634382795e-05	0.0	0.0	0.0	0.0	0.0	3.7906103415565126e-05	0.0	0.0	0.0	4.50757310596173e-06	5.640270793461789e-05	9.259449550566643e-05	0.0	0.0	0.0	0.0
SRR14514202_2	0.0	0.0	0.0	8.326869600805708e-06	1.6653739201611415e-05	0.0	0.000628678654860831	0.0	0.0	1.0408587001007134e-05	8.326869600805708e-06	0.0	5.204293500503567e-05	0.0	0.0	0.0	0.0	0.0	0.0	0.0007202742204696937	0.0008930567646864122	0.0	0.0	0.0	0.0	0.0	0.0	0.0	0.0	0.0	0.0005552437893588868	0.0009346314097523539	0.001667454979732288	0.0	0.0	0.0	0.0	0.0	0.0	0.0	0.0	0.0	0.0	4.4577352315677544e-06	0.00036934667900030883	0.0	0.0	0.0	0.0	0.0	0.0	0.0	0.0	0.0	0.0
SRR14514203_1	0.0	0.059177569037133324	3.2797936454755e-05	4.288960921006422e-05	0.0	1.766042732179115e-05	0.00023715430974976688	0.0	0.0	0.0	0.0	0.0	0.0	1.1353131849722883e-05	0.0	0.0	0.0	0.0	0.0	0.0	0.0	0.0	0.0	0.0	2.539953532566103e-06	7.391024912787499e-05	2.1743043070359157e-05	0.0	0.0	0.0	0.0	0.000817560904755541	0.0	0.0	0.0	0.0	0.007180304423618613	8.13772480769946e-06	3.686816969364353e-05	0.0	0.0	0.0	0.0	0.0	4.7221739709849885e-05	0.0	0.0	0.0	0.0	4.083526730860776e-05	6.275896007118793e-05	0.0	0.0	0.0	0.0
SRR14514203_2	0.0	0.0	0.0	1.2614590944136537e-05	3.53208546435823e-05	5.045836377654615e-06	0.0007366921111375737	0.0	0.0	6.3072954720682686e-06	1.8921886416204805e-05	0.0	5.2981281965373454e-05	0.0	0.0	0.0	0.0	0.0	0.0	0.0007884119340085336	0.0009032047116001759	1.2614590944136538e-06	0.0	0.0	0.0	0.0	0.0	0.0	0.0	0.0	0.0005295910222895077	0.0009571894902534574	0.0016651611219394194	0.0	0.0	0.0	0.0	0.0	0.0	0.0	0.0	0.0	0.0	5.696436662403074e-06	0.0004394985379133198	0.0	0.0	0.0	0.0	0.0	0.0	0.0	0.0	0.0	0.0
SRR14514204_1	0.0	0.05738443824815871	5.449983959529353e-05	0.0002102136670104179	0.0	7.785691370756219e-06	8.953545076369653e-05	0.00013624959898823384	0.0	0.0	0.0	0.0	0.0	3.503561116840299e-05	0.0	0.0	0.0	0.0	0.0	0.0	0.0	0.0	0.0	0.0	0.0	7.63702287699576e-05	0.0	0.0	0.0	0.0	0.0	0.00032810569489475294	0.0	0.0	0.0	0.0	0.008283989554815005	3.0434224559696915e-05	6.10894024263163e-06	0.0	0.0	0.0	0.0	0.0	0.0005899689462941227	0.0	0.0	0.0	0.0	9.750804414867476e-05	2.333952587535475e-05	0.0	0.0	0.0	0.0
SRR14514204_2	0.0	0.0	0.0	2.3357074112268656e-05	1.9464228426890547e-05	2.3357074112268656e-05	0.0007746762913902439	0.0	0.0	1.9464228426890547e-06	0.00022578504975193035	0.0	1.1678537056134328e-05	0.0	0.0	0.0	0.0	0.0	0.0	0.0009712649985018384	0.00038344530000974377	0.0	0.0	0.0	0.0	0.0	4.7172754982253705e-05	0.0	0.0	0.0	0.00017103990852308372	0.0012868322051605562	0.0010108723221616861	0.0	0.0	0.0	0.0	0.0	0.0	0.0	0.0	0.0	0.0	1.6722193406631446e-05	0.000537842029451095	2.111825198990953e-06	0.0	0.0	2.5487798767711657e-05	0.0	0.0	0.0	0.0	0.0	0.0
SRR14514205_1	0.0	0.059226278204027184	3.642292531765344e-05	3.902456284034297e-05	0.0	1.0406550090758125e-05	0.0002471555646555055	0.0	0.0	0.0	0.0	0.0	0.0	1.4309006374792422e-05	0.0	0.0	0.0	0.0	0.0	0.0	0.0	0.0	0.0	0.0	5.229589093535058e-06	9.437208159252889e-05	3.4171014731150736e-05	0.0	0.0	0.0	0.0	0.0008079298042763298	0.0	0.0	0.0	0.0	0.007269655887550333	1.3741405626795049e-05	4.1426574352056617e-05	0.0	0.0	0.0	0.0	0.0	5.3041416314765535e-05	0.0	0.0	0.0	0.0	4.671854897793101e-05	4.969491124693478e-05	0.0	0.0	0.0	0.0
SRR14514205_2	0.0	0.0	2.601637522689531e-06	5.203275045379062e-06	7.804912568068594e-06	0.0	0.000710247043694242	0.0	0.0	3.902456284034297e-06	7.804912568068594e-06	0.0	7.024421311261734e-05	0.0	0.0	0.0	0.0	0.0	0.0	0.000744068331489206	0.0009014674016119226	0.0	0.0	0.0	0.0	0.0	0.0	0.0	0.0	0.0	0.0005434560256748389	0.0009410524730858992	0.001682548443329063	0.0	0.0	0.0	0.0	0.0	0.0	0.0	0.0	0.0	0.0	4.275132295037653e-06	0.00039174534302678724	0.0	0.0	0.0	0.0	0.0	0.0	0.0	0.0	0.0	0.0
SRR14514206_1	0.0	0.05654103766858017	5.917429374001064e-05	0.00016272930778502925	0.0	0.0	8.383024946501508e-05	0.00013314216091502392	0.0	0.0	0.0	0.0	0.0	2.958714687000532e-05	0.0	0.0	0.0	0.0	0.0	0.0	0.0	0.0	0.0	0.0	0.0	7.432947565832317e-05	0.0	0.0	0.0	0.0	0.0	0.0002886010128640765	0.0	0.0	0.0	0.0	0.009015126362317117	5.59518657289507e-05	7.645623709976211e-06	0.0	0.0	0.0	0.0	2.5788983652801675e-06	0.0006465760487748005	0.0	0.0	0.0	0.0	0.00013040437797750686	1.0441014350808789e-05	0.0	0.0	0.0	0.0
SRR14514206_2	0.0	0.0	0.0	4.931191145000887e-06	3.451833801500621e-05	1.9724764580003547e-05	0.0008678896415201561	0.0	0.0	0.0	0.0002465595572500443	0.0	1.479357343500266e-05	0.0	0.0	0.0	0.0	0.0	0.0	0.0009936350157176786	0.0003254586155700585	0.0	0.0	0.0	0.0	0.0	5.966752954201542e-05	0.0	0.0	0.0	0.00012315176841918167	0.0013606172707332812	0.0010381626047565428	0.0	0.0	0.0	0.0	0.0	0.0	0.0	0.0	0.0	0.0	3.1172730594040024e-05	0.0005549477907463316	5.2259367106140944e-06	0.0	0.0	3.9353438742830784e-05	0.0	0.0	0.0	0.0	0.0	0.0
SRR14514207_1	0.0	0.05983694205883973	2.675352859645879e-05	5.8857762912209334e-05	0.0	1.3376764298229395e-05	0.0002568338745260044	0.0	0.0	0.0	0.0	0.0	0.0	1.7389793587698213e-05	0.0	0.0	0.0	0.0	0.0	0.0	0.0	0.0	0.0	0.0	5.367342389131303e-06	0.0001007954264357482	2.827002548313945e-05	0.0	0.0	0.0	0.0	0.0008173466471712946	0.0	0.0	0.0	0.0	0.0069771403098366	4.149922650975016e-06	4.1637795481921675e-05	0.0	0.0	0.0	0.0	0.0	5.413673386103827e-05	0.0	0.0	0.0	2.8846760182863074e-06	4.620143496459339e-05	5.4912990078205346e-05	0.0	0.0	0.0	0.0
SRR14514207_2	0.0	5.350705719291758e-06	2.675352859645879e-06	1.8727470017521152e-05	2.1402822877167033e-05	8.026058578937637e-06	0.0007116438606658039	0.0	0.0	4.0130292894688185e-06	1.6052117157875274e-05	0.0	5.8857762912209334e-05	0.0	0.0	0.0	0.0	0.0	0.0	0.0007812030350165966	0.000862801297235796	4.0130292894688185e-06	0.0	0.0	0.0	0.0	0.0	0.0	0.0	0.0	0.0005644611966250933	0.0009231088883836863	0.0016186739855521318	0.0	0.0	0.0	0.0	0.0	0.0	0.0	0.0	0.0	0.0	1.422076864477511e-06	0.0003886743106614607	2.8725701180721114e-06	0.0	0.0	0.0	0.0	0.0	0.0	0.0	0.0	0.0
SRR14514208_1	0.0	0.060323383500210076	4.7176785844794115e-05	3.9313988203995096e-05	0.0	0.0	0.00022408973276277205	0.0	0.0	0.0	0.0	0.0	0.0	7.862797640799019e-06	0.0	0.0	0.0	0.0	0.0	0.0	0.0	0.0	0.0	0.0	5.912795956625148e-06	6.709782280392527e-05	1.7785690961050996e-05	0.0	0.0	0.0	0.0	0.0008483589621049005	0.0	0.0	0.0	0.0	0.007091517154516682	6.042556395329902e-06	3.6331332304470374e-05	0.0	0.0	0.0	0.0	0.0	4.30595632275759e-05	0.0	0.0	0.0	2.066725642749608e-06	4.964423595979818e-05	6.623992697710449e-05	0.0	0.0	0.0	0.0
SRR14514208_2	0.0	0.0	3.9313988203995096e-06	3.9313988203995096e-06	2.3588392922397057e-05	0.0	0.0006722691982883162	0.0	0.0	1.1794196461198529e-05	1.1794196461198529e-05	0.0	6.290238112639215e-05	0.0	0.0	0.0	0.0	0.0	0.0	0.0007056860882617119	0.0009101188269224864	0.0	0.0	0.0	0.0	0.0	0.0	0.0	0.0	0.0	0.0005863364813154009	0.0008593106438153185	0.001678133747059386	0.0	0.0	0.0	0.0	0.0	0.0	0.0	0.0	0.0	0.0	4.1123647746512516e-06	0.00038153077571599924	2.0686235238405966e-06	0.0	0.0	0.0	0.0	0.0	0.0	0.0	0.0	0.0
SRR14514209_1	0.0	0.05984989124998763	2.5291803391257782e-05	6.0068033054237226e-05	0.0	9.484426271721667e-06	0.00026872541103211393	0.0	0.0	0.0	0.0	0.0	0.0	1.4226639407582502e-05	0.0	0.0	0.0	0.0	0.0	0.0	0.0	0.0	0.0	0.0	3.1714715729585616e-06	8.417434087838243e-05	3.340452314422842e-05	0.0	0.0	0.0	0.0	0.0007956657424032644	0.0	0.0	0.0	0.0	0.007018359597209576	3.2791042720072086e-06	3.7806398463363864e-05	0.0	0.0	0.0	0.0	0.0	4.856000984060227e-05	0.0	0.0	0.0	1.6904474303305758e-06	4.399989135411442e-05	5.759121491411914e-05	0.0	0.0	0.0	0.0
SRR14514209_2	0.0	0.0	3.1614754239072227e-06	1.5807377119536113e-05	1.5807377119536113e-05	0.0	0.0007745614788572696	0.0	0.0	3.1614754239072227e-06	1.7388114831489722e-05	0.0	5.848729534228361e-05	0.0	0.0	0.0	0.0	0.0	0.0	0.0007682385280094551	0.000866244266150579	0.0	0.0	0.0	0.0	0.0	0.0	0.0	0.0	0.0	0.000564347007499056	0.0009376821321814487	0.0016190145662008304	0.0	0.0	0.0	0.0	0.0	0.0	0.0	0.0	0.0	0.0	6.733837821239838e-06	0.0003987301121741004	0.0	0.0	0.0	0.0	0.0	0.0	0.0	0.0	0.0	0.0
SRR14514210_1	0.0	0.05911528070891045	3.594848151217527e-05	3.9942757235750305e-05	0.0	1.198282717072509e-05	0.00024365081913807685	0.0	0.0	0.0	0.0	0.0	0.0	1.9971378617875152e-05	0.0	0.0	0.0	0.0	0.0	0.0	0.0	0.0	0.0	0.0	2.003865054917926e-06	7.226162900875652e-05	4.6249064160240865e-05	0.0	0.0	0.0	0.0	0.0007190853916340143	0.0	0.0	0.0	0.0	0.007086402634472456	8.244893283151341e-06	3.926616254149452e-05	0.0	0.0	0.0	0.0	0.0	4.423486200871604e-05	0.0	0.0	0.0	0.0	7.451826285069572e-05	4.68835622437467e-05	0.0	0.0	0.0	0.0
SRR14514210_2	0.0	0.0	0.0	1.597710289430012e-05	3.99427572357503e-06	3.99427572357503e-06	0.00065905549438988	0.0	0.0	9.985689308937576e-06	7.98855144715006e-06	0.0	5.991413585362546e-05	0.0	0.0	0.0	0.0	0.0	0.0	0.0007509238360321058	0.0008048465583003686	0.0	0.0	0.0	0.0	0.0	0.0	0.0	0.0	0.0	0.0005405417048856069	0.0009166682368854059	0.001566282012037296	0.0	0.0	0.0	0.0	0.0	0.0	0.0	0.0	0.0	0.0	2.1067312169111527e-06	0.00037206443800913896	0.0	0.0	0.0	0.0	0.0	0.0	0.0	0.0	0.0	0.0
SRR14514211_1	0.0	0.060836865390414434	5.6592432921315756e-05	3.0472848496093098e-05	0.0	0.0	0.00022636973168526302	0.0	0.0	0.0	0.0	0.0	0.0	1.7413056283481772e-05	0.0	0.0	0.0	0.0	0.0	0.0	0.0	0.0	0.0	0.0	1.091859087723344e-05	7.655436920829287e-05	3.505651131534353e-05	0.0	0.0	0.0	0.0	0.0008656106865683036	0.0	0.0	0.0	0.0	0.007164527395594279	1.3493621362777494e-05	4.962534667816049e-05	0.0	0.0	0.0	0.0	0.0	6.229001631767723e-05	0.0	0.0	0.0	0.0	5.83552865921493e-05	5.37356071220613e-05	0.0	0.0	0.0	0.0
SRR14514211_2	0.0	4.353264070870443e-06	0.0	1.3059792212611327e-05	2.6119584425222655e-05	8.706528141740886e-06	0.0007966473249692909	0.0	0.0	4.353264070870443e-06	2.1766320354352212e-05	0.0	7.400548920479753e-05	0.0	0.0	0.0	0.0	0.0	0.0	0.000805353853111032	0.0009511881994851917	4.353264070870443e-06	0.0	0.0	0.0	0.0	0.0	0.0	0.0	0.0	0.0005847351306009236	0.0010325636833096539	0.0016853962353190744	0.0	0.0	0.0	0.0	0.0	0.0	0.0	0.0	0.0	0.0	6.922664651771277e-06	0.00047966405164021465	0.0	0.0	0.0	0.0	0.0	0.0	0.0	0.0	0.0	0.0
SRR14514212_1	0.0	0.056824430208766555	7.67182716971243e-05	0.00024073664567028663	0.0	1.0581830578913697e-05	7.407281405239588e-05	0.00010846376343386541	0.0	0.0	0.0	0.0	0.0	4.100459349329057e-05	0.0	0.0	0.0	0.0	0.0	0.0	0.0	0.0	0.0	0.0	0.0	0.00010639037087350816	1.3323894508811364e-06	0.0	0.0	0.0	0.0	0.0003518006952282643	0.0	0.0	0.0	0.0	0.008622204086092626	3.570877832193683e-05	5.5132459869771615e-06	0.0	0.0	0.0	0.0	4.227219888945579e-06	0.0005978242822736997	0.0	0.0	0.0	0.0	0.00012345067252768352	2.442637425978567e-05	0.0	0.0	0.0	0.0
SRR14514212_2	0.0	0.0	2.645457644728424e-06	2.1163661157827394e-05	2.9100034092012666e-05	2.9100034092012666e-05	0.0007962827510632557	0.0	0.0	0.0	0.00026586849329520665	0.0	1.4550017046006333e-05	0.0	0.0	0.0	0.0	0.0	0.0	0.0010700876172926475	0.0003915277314198068	0.0	0.0	0.0	0.0	0.0	3.868528718489833e-05	0.0	0.0	0.0	0.00016171664591482727	0.0013391904740881577	0.0010896350458506636	0.0	0.0	0.0	0.0	0.0	0.0	0.0	0.0	0.0	0.0	1.9773280414197117e-05	0.0005975272222970591	2.8531197951962137e-06	0.0	0.0	2.4386179772392593e-05	0.0	0.0	0.0	0.0	0.0	0.0
SRR14514213_1	0.0	0.05786824274099646	6.081500622441589e-05	0.00020455956639121707	0.0	5.5286369294923535e-06	6.081500622441589e-05	0.00012715864937832414	0.0	0.0	0.0	0.0	0.0	4.422909543593883e-05	0.0	0.0	0.0	0.0	0.0	0.0	0.0	0.0	0.0	0.0	0.0	8.609778269602876e-05	0.0	0.0	0.0	0.0	0.0	0.0003368158690796717	0.0	0.0	0.0	0.0	0.008794515465716798	6.25064424253727e-05	8.54207020830009e-06	0.0	0.0	0.0	0.0	0.0	0.0005639472187048626	0.0	0.0	0.0	2.91395167718171e-06	0.00013999546064718852	2.335084578660695e-05	0.0	0.0	0.0	0.0
SRR14514213_2	0.0	0.0	0.0	3.870045850644647e-05	3.317182157695412e-05	1.1057273858984707e-05	0.0007961237178468988	0.0	0.0	5.5286369294923535e-06	0.00023220275103867882	0.0	1.658591078847706e-05	0.0	0.0	0.0	0.0	0.0	0.0	0.0010062119211676082	0.00037318299274073386	2.7643184647461767e-06	0.0	0.0	0.0	0.0	5.015329913138387e-05	0.0	0.0	0.0	0.00014894964085712258	0.001261819417417975	0.0010416140037635294	0.0	0.0	0.0	0.0	0.0	0.0	0.0	0.0	0.0	0.0	3.190040022242119e-05	0.0005671350145173476	2.9170410445760625e-06	0.0	0.0	3.221363709270286e-05	0.0	0.0	0.0	0.0	0.0	0.0
SRR14514214_1	0.0	0.05832856693851398	7.381494170907867e-05	0.00021652382901329748	0.0	4.920996113938579e-06	8.365693393695583e-05	0.00010334091839271016	0.0	0.0	0.0	0.0	0.0	5.659145531029365e-05	0.0	0.0	0.0	0.0	0.0	0.0	0.0	0.0	0.0	0.0	0.0	0.00010889088643170555	0.0	0.0	0.0	0.0	0.0	0.0002958283860423053	0.0	0.0	0.0	0.0	0.00849567816998772	6.373048591640386e-05	2.3016773166554818e-05	0.0	0.0	0.0	0.0	5.217229388767926e-06	0.00062111716596974	0.0	0.0	0.0	0.0	0.00016707283930266024	2.1233831598462934e-05	0.0	0.0	0.0	0.0
SRR14514214_2	0.0	0.0	4.920996113938579e-06	2.4604980569692898e-05	5.905195336726294e-05	2.952597668363147e-05	0.0009743572305598386	0.0	0.0	0.0	0.0002657337901526833	0.0	2.4604980569692898e-05	0.0	0.0	0.0	0.0	0.0	0.0	0.0011613550828895047	0.0003592327163175162	0.0	0.0	0.0	0.0	0.0	4.469064243493688e-05	0.0	0.0	0.0	0.00013788464300011313	0.0014502827246996922	0.000980353118657002	0.0	0.0	0.0	0.0	0.0	0.0	0.0	0.0	0.0	0.0	3.40470297908106e-05	0.0006972377440207127	2.6438380067576502e-06	0.0	0.0	2.924053168324583e-05	0.0	0.0	0.0	0.0	0.0	0.0
SRR14514215_1	0.0	0.057350553520571564	6.71159198602359e-05	0.00021093574813216997	0.0	2.3969971378655675e-06	6.471892272237033e-05	0.00011745285975541282	0.0	0.0	0.0	0.0	0.0	5.033693989517692e-05	2.3969971378655675e-06	0.0	0.0	0.0	0.0	0.0	0.0	0.0	0.0	0.0	0.0	8.812149206296361e-05	0.0	0.0	0.0	0.0	0.0	0.00034851573835102407	0.0	0.0	0.0	0.0	0.008874343993256397	4.00752131600588e-05	1.5083052566499543e-05	0.0	0.0	0.0	0.0	1.283444230401598e-06	0.0005531931086374683	0.0	0.0	0.0	0.0	0.00013307626130854673	2.8724159403469192e-05	0.0	0.0	0.0	0.0
SRR14514215_2	0.0	0.0	0.0	1.6778979965058975e-05	3.355795993011795e-05	1.6778979965058975e-05	0.0008557279782180076	0.0	0.0	1.1984985689327837e-06	0.00021932523811469943	0.0	1.3183484258260623e-05	0.0	0.0	0.0	0.0	0.0	0.0	0.0010426937549715218	0.0003979015248856842	2.3969971378655675e-06	0.0	0.0	0.0	0.0	3.392137079554604e-05	0.0	0.0	0.0	0.00018884264437728324	0.001355711963271081	0.0010121131928633776	0.0	0.0	0.0	0.0	0.0	0.0	0.0	0.0	0.0	0.0	1.933287506686275e-05	0.0006293657962455688	5.205363971411621e-06	0.0	0.0	2.3550634426615714e-05	0.0	0.0	0.0	0.0	0.0	0.0
SRR14514216_1	0.0	0.05780026976567151	4.661890476198844e-05	0.0001613731318684215	0.0	3.586069597076034e-06	6.45492527473686e-05	0.00015420099267426945	0.0	0.0	0.0	0.0	0.0	3.765373076929835e-05	0.0	0.0	0.0	0.0	0.0	0.0	0.0	0.0	0.0	0.0	0.0	7.211695870669485e-05	1.8063590340892464e-06	0.0	0.0	0.0	0.0	0.00031232115732559136	0.0	0.0	0.0	0.0	0.00849568517932537	5.947484787309673e-05	5.5947457132125884e-06	0.0	1.878874980015816e-06	0.0	0.0	5.7104559018608665e-06	0.000627316624831533	0.0	0.0	0.0	0.0	0.00014517699941054267	4.06811047523531e-05	0.0	0.0	0.0	0.0
SRR14514216_2	0.0	0.0	3.586069597076034e-06	1.4344278388304136e-05	4.3032835164912404e-05	3.944676556783637e-05	0.0009395502344339209	0.0	0.0	0.0	0.0002581970109894744	0.0	1.2551243589766117e-05	0.0	0.0	0.0	0.0	0.0	0.0	0.0011331979926760265	0.00037653730769298354	1.793034798538017e-06	0.0	0.0	0.0	0.0	5.605254271330326e-05	0.0	0.0	0.0	0.00015515846589677157	0.0015245894498410071	0.0010865087239033957	0.0	0.0	0.0	0.0	0.0	0.0	0.0	0.0	0.0	0.0	3.629045605127406e-05	0.0006467172994497989	1.9285729852053384e-06	0.0	0.0	3.6841527739043e-05	0.0	0.0	0.0	0.0	0.0	0.0
SRR14514217_1	0.0	0.056545028019508316	6.977176029200744e-05	0.00019270295699697293	0.0	6.644929551619756e-06	9.967394327429635e-05	0.00013289859103239514	0.0	0.0	0.0	0.0	0.0	5.315943641295805e-05	1.661232387904939e-06	0.0	0.0	0.0	0.0	0.0	0.0	0.0	0.0	0.0	0.0	8.398477100787923e-05	0.0	0.0	0.0	0.0	0.0	0.00026626570509475565	0.0	0.0	0.0	0.0	0.008509666985268505	5.939078124415372e-05	1.812501044453727e-06	0.0	0.0	0.0	0.0	0.0	0.0005703767019544807	0.0	0.0	0.0	0.0	0.00012061927570342778	3.1150896950165594e-05	0.0	0.0	0.0	0.0
SRR14514217_2	0.0	0.0	0.0	3.654711253390866e-05	2.325725343066915e-05	6.644929551619756e-06	0.000847228517831519	0.0	0.0	0.0	0.00023257253430669148	0.0	2.159602104276421e-05	0.0	0.0	0.0	0.0	0.0	0.0	0.0011063807703446894	0.00033390770996889274	0.0	0.0	0.0	0.0	0.0	3.71397660049559e-05	0.0	0.0	0.0	0.00014990224564418966	0.0014501806297865924	0.0010509352042326998	0.0	0.0	0.0	0.0	0.0	0.0	0.0	0.0	0.0	0.0	1.8945325835733265e-05	0.0006290847967298911	3.8598544738367e-06	0.0	0.0	2.9202504141985847e-05	0.0	0.0	0.0	0.0	0.0	0.0
SRR14514218_1	0.0	0.0566047766168082	6.664018224272384e-05	0.00020900784430672475	0.0	9.087297578553251e-06	8.481477739983035e-05	0.0001120766701354901	0.0	0.0	0.0	0.0	0.0	4.392193829634071e-05	0.0	0.0	0.0	0.0	0.0	0.0	0.0	0.0	0.0	0.0	0.0	8.525825929490871e-05	0.0	0.0	0.0	0.0	0.0	0.00034062854350980166	0.0	0.0	0.0	0.0	0.008766947148093828	4.3833004643198876e-05	9.419327946021976e-06	0.0	0.0	0.0	0.0	3.1925799334219377e-06	0.0006088991833444153	0.0	0.0	0.0	0.0	0.00013435353312804438	2.4299127705053816e-05	0.0	0.0	0.0	0.0
SRR14514218_2	0.0	0.0	0.0	2.1203694349957587e-05	2.423279354280867e-05	1.8174595157106502e-05	0.0008481477739983033	0.0	0.0	0.0	0.0002483861338137889	0.0	1.3630946367829876e-05	0.0	0.0	0.0	0.0	0.0	0.0	0.0011025921061977944	0.00039529744466706637	1.514549596425542e-06	0.0	0.0	0.0	0.0	5.194186892130227e-05	0.0	0.0	0.0	0.00013884176625053785	0.0014259995916877525	0.001059127703663822	0.0	0.0	0.0	0.0	0.0	0.0	0.0	0.0	0.0	0.0	2.246630147051732e-05	0.0006185417356687021	3.2341188673869933e-06	0.0	0.0	4.0614991552244216e-05	0.0	0.0	0.0	0.0	0.0	0.0
SRR14514219_1	0.0	0.059882376030662696	3.99897146453932e-05	3.110311139086138e-05	0.0	4.443301627265911e-06	0.0001866186683451683	8.886603254531822e-06	0.0	0.0	0.0	0.0	0.0	8.886603254531822e-06	0.0	0.0	0.0	0.0	0.0	0.0	0.0	0.0	0.0	0.0	2.2287283259513392e-06	0.00010270767575767286	1.1182720281697197e-05	0.0	0.0	0.0	0.0	0.0008137607485079866	0.0	0.0	0.0	0.0	0.007219217075336134	9.179173520067096e-06	4.602040185659187e-05	0.0	0.0	0.0	0.0	0.0	3.759177856525244e-05	0.0	0.0	0.0	2.3740082372863016e-06	6.178464373097123e-05	5.232408357697329e-05	0.0	0.0	0.0	0.0
SRR14514219_2	0.0	0.0	8.886603254531822e-06	1.7773206509063645e-05	8.886603254531822e-06	0.0	0.0007287014668716095	0.0	0.0	6.664952440898868e-06	1.3329904881797736e-05	0.0	6.442787359535572e-05	0.0	0.0	0.0	0.0	0.0	0.0	0.000753139625821572	0.0008842170238259165	2.2216508136329556e-06	0.0	0.0	0.0	0.0	0.0	0.0	0.0	0.0	0.0005903050603822142	0.0009092946603587165	0.0016118012770422005	0.0	0.0	0.0	0.0	0.0	0.0	0.0	0.0	0.0	0.0	7.054816227798698e-06	0.00039667633399948984	0.0	0.0	0.0	0.0	0.0	0.0	0.0	0.0	0.0	0.0
SRR14514220_1	0.0	0.05649966697577716	6.012430356193982e-05	0.00016748913135111807	0.0	4.2945931115671305e-06	6.441889667350695e-05	0.00011165942090074538	0.0	0.0	0.0	0.0	0.0	5.582971045037269e-05	6.441889667350695e-06	0.0	0.0	0.0	0.0	0.0	0.0	0.0	0.0	0.0	0.0	7.98706578883489e-05	0.0	0.0	0.0	0.0	0.0	0.00030370437844047624	0.0	0.0	0.0	0.0	0.008654582892189705	5.094795312168076e-05	2.2203624959370145e-06	0.0	0.0	0.0	0.0	0.0	0.0006118049917869131	0.0	0.0	0.0	0.0	0.00012983990784920057	1.5958149161093777e-05	0.0	0.0	0.0	0.0
SRR14514220_2	0.0	0.0	0.0	2.1472965557835652e-05	5.153511733880556e-05	2.576755866940278e-05	0.0009061591465406644	0.0	0.0	0.0	0.0002404972142477593	0.0	1.7178372446268522e-05	0.0	0.0	0.0	0.0	0.0	0.0	0.0010478807192223797	0.0003671877110389896	0.0	0.0	0.0	0.0	0.0	5.850929244582625e-05	0.0	0.0	0.0	0.00014228886925837596	0.0013256316766624562	0.0010539828913272346	0.0	0.0	0.0	0.0	0.0	0.0	0.0	0.0	0.0	0.0	2.0415912516090858e-05	0.0005484366506058927	0.0	0.0	0.0	4.356906198515414e-05	0.0	0.0	0.0	0.0	0.0	0.0
SRR14514221_1	0.0	0.06009006439237329	2.981503053208202e-05	4.685219083612888e-05	0.0	2.55557404560703e-05	0.0001788901831924921	0.0	0.0	0.0	0.0	0.0	0.0	1.277787022803515e-05	0.0	0.0	0.0	0.0	0.0	0.0	0.0	0.0	0.0	0.0	4.282797945045021e-06	4.9384071129208873e-05	3.014262196889023e-05	0.0	0.0	0.0	0.0	0.0008354499523487341	0.0	0.0	0.0	0.0	0.007283868548658165	1.1160389438664554e-05	3.359573995266763e-05	0.0	0.0	0.0	0.0	0.0	3.895396326673343e-05	0.0	0.0	0.0	2.3143143443378518e-06	6.0226695598644666e-05	3.7091683733864015e-05	0.0	0.0	0.0	0.0
SRR14514221_2	0.0	0.0	8.518580152023434e-06	1.277787022803515e-05	2.55557404560703e-05	0.0	0.0006516713816297927	0.0	0.0	2.1296450380058585e-06	1.277787022803515e-05	0.0	7.66672213682109e-05	0.0	0.0	0.0	0.0	0.0	0.0	0.0007006532175039274	0.0008625062403923726	2.1296450380058585e-06	0.0	0.0	0.0	0.0	0.0	0.0	0.0	0.0	0.0005188130931174715	0.0008568940377137082	0.001609882508569206	0.0	0.0	0.0	0.0	0.0	0.0	0.0	0.0	0.0	0.0	0.0	0.0003513399446727422	0.0	0.0	0.0	0.0	0.0	0.0	0.0	0.0	0.0	0.0
SRR14514222_1	0.0	0.05979671322156543	4.1709630068353146e-05	6.554370439312637e-05	0.0	1.1917037162386613e-05	0.00023238222466653895	2.9792592905966533e-06	0.0	0.0	0.0	0.0	0.0	1.638592609828159e-05	0.0	0.0	0.0	0.0	0.0	0.0	0.0	0.0	0.0	0.0	2.989115464837495e-06	8.083571192415669e-05	3.8986632458395825e-05	0.0	0.0	0.0	0.0	0.0008491254493086663	0.0	0.0	0.0	0.0	0.007147733927323942	7.700305585087083e-06	4.7858770805211164e-05	0.0	0.0	0.0	0.0	0.0	4.8763253006675324e-05	0.0	0.0	0.0	1.5884361845762847e-06	6.362019861144462e-05	6.687696606337912e-05	0.0	0.0	0.0	0.0
SRR14514222_2	0.0	2.9792592905966533e-06	0.0	2.3834074324773227e-05	1.1917037162386613e-05	0.0	0.0006494785253500704	0.0	0.0	7.448148226491633e-06	2.0854815034176573e-05	0.0	5.660592652133641e-05	0.0	0.0	0.0	0.0	0.0	0.0	0.0007284288965508818	0.0009250600097302609	0.0	0.0	0.0	0.0	0.0	0.0	0.0	0.0	0.0	0.0005635182164706168	0.0008680788624365629	0.0016523649037450102	0.0	0.0	0.0	0.0	0.0	0.0	0.0	0.0	0.0	0.0	6.302875114785203e-06	0.00038417795806000376	1.586243210581638e-06	0.0	0.0	0.0	0.0	0.0	0.0	0.0	0.0	0.0
SRR14514223_1	0.0	0.060672044323238083	3.963609024561224e-05	5.044593303987012e-05	0.0	1.4413123725677179e-05	0.00023781654147367345	0.0	0.0	0.0	0.0	0.0	0.0	1.801640465709647e-05	0.0	0.0	0.0	0.0	0.0	0.0	0.0	0.0	0.0	0.0	1.807743774157558e-06	7.242879498004713e-05	3.990433624641639e-05	0.0	0.0	0.0	0.0	0.000899107651221163	0.0	0.0	0.0	0.0	0.007472454975356826	9.28217385244299e-06	5.769647959160124e-05	0.0	0.0	0.0	0.0	0.0	4.9276187763653665e-05	0.0	0.0	0.0	0.0	4.593953205265275e-05	7.8543390223141e-05	0.0	0.0	0.0	0.0
SRR14514223_2	0.0	3.6032809314192947e-06	3.6032809314192947e-06	7.206561862838589e-06	1.4413123725677179e-05	0.0	0.0006305741629983766	0.0	0.0	7.206561862838589e-06	1.6214764191386828e-05	0.0	6.305741629983766e-05	0.0	0.0	0.0	0.0	0.0	0.0	0.0007332676695438264	0.0009620760086889515	7.206561862838589e-06	0.0	0.0	0.0	0.0	0.0	0.0	0.0	0.0	0.0006388837072389551	0.0009522126486424126	0.0017065134806014011	0.0	0.0	0.0	0.0	0.0	0.0	0.0	0.0	0.0	0.0	3.787246504205785e-06	0.0003666483583120285	3.8121491095439155e-06	0.0	0.0	0.0	0.0	0.0	0.0	0.0	0.0	0.0
SRR14514224_1	0.0	0.055942978986242065	5.996299833280378e-05	0.0002048735776370796	0.0	2.4984582638668245e-06	5.496608180507013e-05	0.00012492291319334122	0.0	0.0	0.0	0.0	0.0	4.871993614540307e-05	2.4984582638668245e-06	0.0	0.0	0.0	0.0	0.0	0.0	0.0	0.0	0.0	0.0	7.834005509959328e-05	1.268207625169366e-06	1.2737230277048514e-06	0.0	0.0	0.0	0.00033199224778261255	0.0	0.0	0.0	0.0	0.008758846346046643	4.817825823400502e-05	5.5386666991971025e-06	0.0	0.0	0.0	0.0	0.0	0.0005971051390949931	0.0	0.0	0.0	1.4650521050176305e-06	0.00013490599508311638	2.0546306627473903e-05	0.0	0.0	0.0	0.0
SRR14514224_2	0.0	0.0	0.0	2.2486124374801417e-05	2.998149916640189e-05	2.498458263866824e-05	0.0007845158948541829	0.0	0.0	0.0	0.00024984582638668245	0.0	7.495374791600473e-06	0.0	0.0	0.0	0.0	0.0	0.0	0.001039358637768599	0.00036852259392035656	1.2492291319334122e-06	0.0	0.0	0.0	0.0	5.460753211087981e-05	0.0	0.0	0.0	0.00014347925423590578	0.0013356090059412319	0.0009892916587613452	0.0	0.0	0.0	0.0	0.0	0.0	0.0	0.0	0.0	0.0	2.731192694456284e-05	0.0005749005487215761	4.376574855754658e-06	0.0	0.0	4.703157357401114e-05	0.0	0.0	0.0	0.0	0.0	0.0
SRR14514225_1	0.0	0.05721065590128066	8.294677934810693e-05	0.0002299887972833874	0.0	3.7703081521866785e-06	6.786554673936022e-05	0.00011310924456560036	0.0	0.0	0.0	0.0	0.0	3.958823559796013e-05	0.0	0.0	0.0	0.0	0.0	0.0	0.0	0.0	0.0	0.0	0.0	0.0001137538748361565	0.0	0.0	0.0	0.0	0.0	0.0003265212862011509	0.0	0.0	0.0	0.0	0.008643505771663	4.102891772826712e-05	3.920178117212934e-06	0.0	0.0	0.0	0.0	3.996629242896541e-06	0.0005760947149492384	0.0	0.0	0.0	0.0	0.00011983631415670657	2.4393870755377553e-05	0.0	0.0	0.0	0.0
SRR14514225_2	0.0	0.0	0.0	2.2621848913120073e-05	3.393277336968011e-05	2.6392157065306752e-05	0.0008520896423941894	0.0	0.0	3.7703081521866785e-06	0.0002356442595116674	0.0	1.5081232608746714e-05	0.0	0.0	0.0	0.0	0.0	0.0	0.0010349495877752433	0.0003826862774469479	1.8851540760933393e-06	0.0	0.0	0.0	0.0	4.565159346791892e-05	0.0	0.0	0.0	0.00014984921710700178	0.001342637354305547	0.001033437498038159	0.0	0.0	0.0	0.0	0.0	0.0	0.0	0.0	0.0	0.0	2.0076846942430724e-05	0.0005989707746025179	4.052550147218002e-06	0.0	0.0	3.0561343421238896e-05	0.0	0.0	0.0	0.0	0.0	0.0
SRR14514226_1	0.0	0.05651969315089509	5.729162237873489e-05	0.00020805904969119516	0.0	9.046045638747616e-06	6.63376680174825e-05	0.00013569068458121422	0.0	0.0	0.0	0.0	0.0	4.5230228193738074e-05	1.5076742731246025e-06	0.0	0.0	0.0	0.0	0.0	0.0	0.0	0.0	0.0	0.0	8.663627810549259e-05	1.5241072617919416e-06	0.0	0.0	0.0	0.0	0.0003112336389533549	0.0	0.0	0.0	0.0	0.00852406993592982	4.796071441960461e-05	6.424942861778454e-06	0.0	0.0	0.0	0.0	3.304700253690272e-06	0.0005938976467812212	0.0	0.0	0.0	1.688384069556021e-06	0.00013012613311977778	2.3678828755826727e-05	0.0	0.0	0.0	0.0
SRR14514226_2	0.0	0.0	0.0	2.1107439823744434e-05	3.316883400874125e-05	1.5076742731246024e-05	0.0008865124725972662	0.0	0.0	1.5076742731246025e-06	0.00021408974678369355	0.0	1.3569068458121423e-05	0.0	0.0	0.0	0.0	0.0	0.0	0.0010825101281034645	0.00034978043136490777	1.5076742731246025e-06	0.0	0.0	0.0	0.0	4.2735520183162e-05	0.0	0.0	0.0	0.00014915190594928267	0.00143420871825672	0.0009921440062699738	0.0	0.0	0.0	0.0	0.0	0.0	0.0	0.0	0.0	0.0	3.317920376613161e-05	0.0006195923346307642	1.6814397967206542e-06	0.0	0.0	3.2172370757448515e-05	0.0	0.0	0.0	0.0	0.0	0.0
SRR14514227_1	0.0	0.05952941672487838	2.6492842334169287e-05	3.4062225858217654e-05	0.0	1.5138767048096733e-05	0.00020815804691133008	0.0	0.0	0.0	0.0	0.0	0.0	1.3246421167084643e-05	0.0	0.0	0.0	0.0	0.0	0.0	0.0	0.0	0.0	0.0	3.795337560643564e-06	9.692041832144819e-05	3.42553998880229e-05	0.0	0.0	0.0	0.0	0.0007640837083149513	0.0	0.0	0.0	0.0	0.0070810043173906	7.79509319150837e-06	6.0541299761164575e-05	0.0	0.0	0.0	0.0	0.0	3.573965377726643e-05	0.0	0.0	0.0	0.0	6.217939002740466e-05	6.023283363237596e-05	0.0	0.0	0.0	0.0
SRR14514227_2	0.0	3.784691762024183e-06	0.0	1.8923458810120916e-05	1.5138767048096733e-05	0.0	0.0007153067430225706	0.0	0.0	5.6770376430362745e-06	1.1354075286072549e-05	0.0	6.812445171643531e-05	0.0	0.0	0.0	0.0	0.0	0.0	0.0007474766229997762	0.0008269551500022841	1.8923458810120916e-06	0.0	0.0	0.0	0.0	0.0	0.0	0.0	0.0	0.0005278722623104388	0.0009329200001977868	0.001527498338724557	0.0	0.0	0.0	0.0	0.0	0.0	0.0	0.0	0.0	0.0	1.9904551307026387e-06	0.0004053437080023734	0.0	0.0	0.0	0.0	0.0	0.0	0.0	0.0	0.0	0.0
SRR14514228_1	0.0	0.05724730027129591	6.806646486094277e-05	0.0002416359502563468	0.0	6.806646486094276e-06	6.125981837484848e-05	0.0001871827783675926	0.0	0.0	0.0	0.0	0.0	4.254154053808923e-05	0.0	0.0	0.0	0.0	0.0	0.0	0.0	0.0	0.0	0.0	0.0	0.00011138605950685416	0.0	0.0	0.0	0.0	0.0	0.00033309350020003923	0.0	0.0	0.0	0.0	0.008488591308414305	6.063919057381618e-05	7.1630086047252535e-06	0.0	0.0	0.0	0.0	1.1006548694686613e-05	0.0006180829483921956	0.0	0.0	0.0	0.0	0.0001553356078209345	2.247911900586096e-05	0.0	0.0	0.0	0.0
SRR14514228_2	0.0	0.0	0.0	2.7226585944377104e-05	3.4033232430471385e-05	3.743655567351852e-05	0.000813394255088266	0.0	0.0	0.0	0.00023823262701329968	0.0	1.1911631350664984e-05	0.0	0.0	0.0	0.0	0.0	0.0	0.0010329086042648063	0.0003709622334921381	3.403323243047138e-06	0.0	0.0	0.0	0.0	4.47216306400964e-05	0.0	0.0	0.0	0.000160324739851762	0.0013989581329252945	0.0010056364430853122	0.0	0.0	0.0	0.0	0.0	0.0	0.0	0.0	0.0	0.0	2.2089643454746602e-05	0.0005442392662410716	1.861883542461334e-06	0.0	0.0	2.4355238616047663e-05	0.0	0.0	0.0	0.0	0.0	0.0
SRR14514229_1	0.0	0.06010057159737654	4.355388325476276e-05	4.923482454886225e-05	0.0	7.5745883921326535e-06	0.00022534400466594644	0.0	0.0	0.0	0.0	0.0	0.0	1.2308706137215562e-05	0.0	0.0	0.0	0.0	0.0	0.0	0.0	0.0	0.0	0.0	6.65764473377258e-06	7.150475259198293e-05	2.580212967911468e-05	0.0	0.0	0.0	0.0	0.0008118473140424444	0.0	0.0	0.0	0.0	0.007111810500046497	6.942369722762614e-06	3.883000804926154e-05	0.0	0.0	0.0	0.0	0.0	5.635435982123495e-05	0.0	0.0	0.0	1.0375550306218803e-06	4.2577350324257677e-05	6.131671344161921e-05	0.0	0.0	1.0422797442979273e-06	0.0
SRR14514229_2	0.0	3.7872941960663268e-06	3.7872941960663268e-06	7.5745883921326535e-06	2.08301180783648e-05	0.0	0.0006665637785076736	0.0	0.0	1.8936470980331634e-06	1.04150590391824e-05	0.0	4.734117745082908e-05	0.0	0.0	0.0	0.0	0.0	0.0	0.0007602993098603151	0.0008909609596246034	9.468235490165817e-07	0.0	0.0	0.0	0.0	0.0	0.0	0.0	0.0	0.0005386638422079994	0.0009458791017383771	0.001703179960872318	0.0	0.0	0.0	0.0	0.0	0.0	0.0	0.0	0.0	0.0	4.0905870315546655e-06	0.00043079127855139883	1.0338339422632484e-06	0.0	0.0	0.0	0.0	0.0	0.0	0.0	0.0	0.0
SRR14514230_1	0.0	0.05937525737998307	3.861303074720887e-05	7.722606149441773e-06	0.0	1.5445212298883546e-05	0.00023940079063269497	0.0	0.0	0.0	0.0	0.0	0.0	1.5445212298883546e-05	0.0	0.0	0.0	0.0	0.0	0.0	0.0	0.0	0.0	0.0	3.8717849883191155e-06	9.498452072158073e-05	3.6882444952028846e-05	0.0	0.0	0.0	0.0	0.0007457901467497731	0.0	0.0	0.0	0.0	0.007105207729888896	1.98057793779175e-06	4.564840593484055e-05	0.0	0.0	0.0	0.0	0.0	6.657054283738784e-05	0.0	0.0	0.0	0.0	3.6670909694645614e-05	5.914226422854789e-05	0.0	0.0	0.0	0.0
SRR14514230_2	0.0	0.0	3.8613030747208866e-06	1.5445212298883546e-05	7.722606149441773e-06	0.0	0.0006602828257772716	0.0	0.0	1.158390922416266e-05	1.9306515373604434e-05	0.0	5.405824304609242e-05	0.0	0.0	0.0	0.0	0.0	0.0	0.0007104797657486431	0.0008572092825880368	0.0	0.0	0.0	0.0	0.0	0.0	0.0	0.0	0.0	0.0004977464334263459	0.0008875558271633476	0.001509229766458008	0.0	0.0	0.0	0.0	0.0	0.0	0.0	0.0	0.0	0.0	0.0	0.0003644434992309837	2.0308100281805354e-06	0.0	0.0	0.0	0.0	0.0	0.0	0.0	0.0	0.0
SRR14514231_1	0.0	0.05698011571850823	6.608075766399341e-05	0.00023524749728381656	0.0	2.6432303065597363e-06	5.550783643775447e-05	0.00015330735778046472	0.0	0.0	0.0	0.0	0.0	4.625653036479538e-05	0.0	0.0	0.0	0.0	0.0	0.0	0.0	0.0	0.0	0.0	0.0	9.178464019163995e-05	0.0	0.0	0.0	0.0	0.0	0.000340541925717833	0.0	0.0	0.0	0.0	0.008772192512721948	5.659605875813863e-05	8.315479536796745e-06	0.0	0.0	0.0	0.0	4.255653383727457e-06	0.0005348459709211519	0.0	0.0	0.0	1.4435802707789919e-06	0.0001415820438255081	1.7348672875679583e-05	0.0	0.0	0.0	0.0
SRR14514231_2	0.0	0.0	0.0	2.114584245247789e-05	3.436199398527657e-05	2.3789072759037628e-05	0.0007982555525810404	0.0	0.0	3.964845459839605e-06	0.00021145842452477892	0.0	1.9824227299198023e-05	0.0	0.0	0.0	0.0	0.0	0.0	0.0010691866590034134	0.0003845900096044416	1.3216151532798681e-06	0.0	0.0	0.0	0.0	4.0044236066698156e-05	0.0	0.0	0.0	0.00015664202282538944	0.0013939734072682018	0.001043877402144717	0.0	0.0	0.0	0.0	0.0	0.0	0.0	0.0	0.0	0.0	2.9916727643368332e-05	0.0005457418158208175	2.8810168975530416e-06	0.0	0.0	2.898003757928413e-05	0.0	0.0	0.0	0.0	0.0	0.0
SRR14514232_1	0.0	0.05787859964536966	7.475755555924648e-05	0.00019501971015455603	0.0	0.0	9.425952657470209e-05	0.00014951511111849295	0.0	0.0	0.0	0.0	0.0	5.038009178992698e-05	0.0	0.0	0.0	0.0	0.0	0.0	0.0	0.0	0.0	0.0	0.0	8.829931256205377e-05	0.0	0.0	0.0	0.0	0.0	0.00030405979643279707	0.0	0.0	0.0	0.0	0.008487421558372123	4.9249140806282475e-05	8.525286699424001e-06	0.0	0.0	0.0	0.0	1.7476898293068045e-06	0.0006557656613497784	0.0	0.0	0.0	0.0	0.00011771658505042889	2.6776867399988667e-05	0.0	0.0	0.0	0.0
SRR14514232_2	0.0	0.0	3.2503285025759344e-06	1.3001314010303738e-05	2.6002628020607475e-05	1.3001314010303738e-05	0.0008093317971414076	0.0	0.0	0.0	0.00025027529469834694	0.0	1.3001314010303738e-05	0.0	0.0	0.0	0.0	0.0	0.0	0.0010563567633371787	0.00036728712079108053	0.0	0.0	0.0	0.0	0.0	3.939520610898835e-05	0.0	0.0	0.0	0.00013793860821207366	0.001345542141354454	0.0010439928550735143	0.0	0.0	0.0	0.0	0.0	0.0	0.0	0.0	0.0	0.0	2.4579342116351585e-05	0.0006021368122644074	3.5526454179036312e-06	0.0	0.0	3.396349985571769e-05	0.0	0.0	0.0	0.0	0.0	0.0
SRR14514233_1	0.0	0.056784256658226596	7.654515348084033e-05	0.00018370836835401681	0.0	3.061806139233613e-06	8.266876575930756e-05	0.00013165766398704536	0.0	0.0	0.0	0.0	0.0	3.9803479810036976e-05	0.0	0.0	0.0	0.0	0.0	0.0	0.0	0.0	0.0	0.0	0.0	8.185383808013522e-05	0.0	0.0	0.0	0.0	0.0	0.00039099662169459257	0.0	0.0	0.0	0.0	0.008453507159244953	5.012074167509436e-05	9.744900116154338e-06	0.0	0.0	0.0	0.0	3.332127825021704e-06	0.0006467280086507411	0.0	0.0	0.0	0.0	0.00012732670669693828	2.7182414011066574e-05	0.0	0.0	0.0	0.0
SRR14514233_2	0.0	0.0	3.061806139233613e-06	1.2247224556934452e-05	4.5927092088504204e-05	1.8370836835401683e-05	0.0009001710049346823	0.0	0.0	0.0	0.00023728997579060504	0.0	2.2963546044252102e-05	0.0	0.0	0.0	0.0	0.0	0.0	0.0011451154960733713	0.0004209983441446219	3.061806139233613e-06	0.0	0.0	0.0	0.0	4.962900688898694e-05	0.0	0.0	0.0	0.00016530717520989367	0.001400409934444851	0.001074410411732003	0.0	0.0	0.0	0.0	0.0	0.0	0.0	0.0	0.0	0.0	2.509819375494361e-05	0.0006562675409586249	3.3850700672268146e-06	0.0	0.0	4.427405140588589e-05	0.0	0.0	0.0	0.0	0.0	0.0
SRR14514234_1	0.0	0.058959882244864946	3.9322317090079326e-05	4.4565292702089906e-05	0.0	1.3107439030026443e-05	0.00024117687815248653	0.0	0.0	0.0	0.0	0.0	0.0	1.0485951224021155e-05	0.0	0.0	0.0	0.0	0.0	0.0	0.0	0.0	0.0	0.0	3.944047947843489e-06	7.109875408913292e-05	3.1647628134883825e-05	0.0	0.0	0.0	0.0	0.0008579598857862517	0.0	0.0	0.0	0.0	0.007337999609141949	5.3905727346070915e-06	5.673974556763293e-05	0.0	0.0	0.0	0.0	0.0	4.951789582945013e-05	0.0	0.0	0.0	1.3879197739067584e-06	6.39017748592942e-05	8.480431633394666e-05	0.0	0.0	0.0	0.0
SRR14514234_2	0.0	5.242975612010577e-06	1.3107439030026443e-05	1.835041464203702e-05	1.3107439030026443e-05	5.242975612010577e-06	0.0007313950978754755	0.0	0.0	7.864463418015865e-06	1.9661158545039663e-05	0.0	6.291570734412692e-05	0.0	0.0	0.0	0.0	0.0	0.0	0.0007392595612934913	0.0009529108174829223	1.3107439030026444e-06	0.0	0.0	0.0	0.0	0.0	0.0	0.0	0.0	0.0005482728858484408	0.0008868405347096316	0.0017334932317113357	0.0	0.0	0.0	0.0	0.0	0.0	0.0	0.0	0.0	0.0	5.503600345273871e-06	0.00039204984212470363	0.0	0.0	0.0	0.0	0.0	0.0	0.0	0.0	0.0	0.0
SRR14514235_1	0.0	0.05627561491031732	0.0001048229216854611	0.00023346923466307243	0.0	4.76467825843005e-06	3.335274780901035e-05	0.00012864631297761136	0.0	0.0	0.0	0.0	0.0	4.2882104325870446e-05	2.382339129215025e-06	0.0	0.0	0.0	0.0	0.0	0.0	0.0	0.0	0.0	0.0	0.00012233625400345392	0.0	0.0	0.0	0.0	0.0	0.0003384882578666863	0.0	0.0	0.0	0.0	0.008437009087447362	4.7119074091346476e-05	4.9753134895276614e-06	0.0	0.0	0.0	0.0	0.0	0.0006316649406676866	0.0	0.0	0.0	0.0	0.00010814915746398877	1.0308511057218215e-05	0.0	0.0	0.0	0.0
SRR14514235_2	0.0	0.0	0.0	1.90587130337202e-05	2.382339129215025e-05	2.382339129215025e-05	0.0009052888691017095	0.0	0.0	4.76467825843005e-06	0.0002453809303091476	0.0	1.90587130337202e-05	0.0	0.0	0.0	0.0	0.0	0.0	0.0010839643037928364	0.000376409582415974	0.0	0.0	0.0	0.0	0.0	6.01762939148841e-05	0.0	0.0	0.0	0.00018748998176501655	0.0014333601911335758	0.001021183359031074	0.0	0.0	0.0	0.0	0.0	0.0	0.0	0.0	0.0	0.0	3.053105487873154e-05	0.0006234273151714307	2.5659809279361963e-06	0.0	0.0	4.3830797240433635e-05	0.0	0.0	0.0	0.0	0.0	0.0
SRR14514236_1	0.0	0.05642006576774003	5.240902814689747e-05	0.00022361185342676258	0.0	0.0	5.9396898566483805e-05	0.00011180592671338129	0.0	0.0	0.0	0.0	0.0	5.5902963356690645e-05	1.7469676048965827e-06	0.0	0.0	0.0	0.0	0.0	0.0	0.0	0.0	0.0	0.0	0.00011259327253085505	1.7634756920835302e-06	0.0	0.0	0.0	0.0	0.00031818569799976494	0.0	0.0	0.0	0.0	0.008978598227300166	5.106497649862119e-05	3.661027445752589e-06	0.0	0.0	0.0	0.0	5.611075379990909e-06	0.0005920818803753634	0.0	0.0	0.0	0.0	0.00012748857459762752	1.1425760256281325e-05	0.0	0.0	0.0	0.0
SRR14514236_2	0.0	0.0	0.0	2.096361125875899e-05	2.7951481678345322e-05	1.3975740839172661e-05	0.0008140869038818074	0.0	0.0	0.0	0.00021662398300717622	0.0	8.734838024482913e-06	0.0	0.0	0.0	0.0	0.0	0.0	0.0010307108868889837	0.0003721040998429721	0.0	0.0	0.0	0.0	0.0	4.7671239639207815e-05	0.0	0.0	0.0	0.00011790444569967026	0.0012938810019792973	0.0010266048328132678	0.0	0.0	0.0	0.0	0.0	0.0	0.0	0.0	0.0	0.0	2.6291628850540505e-05	0.00058693024854873	0.0	0.0	0.0	4.1966448587380726e-05	0.0	0.0	0.0	0.0	0.0	0.0
SRR14514237_1	0.0	0.06062657981998998	3.479620039410177e-05	4.639493385880236e-05	0.0	0.0	0.00022037593582931116	0.0	0.0	0.0	0.0	0.0	0.0	7.732488976467059e-06	0.0	0.0	0.0	0.0	0.0	0.0	0.0	0.0	0.0	0.0	3.882250413226734e-06	6.224468857805491e-05	2.9241070245004302e-05	0.0	0.0	0.0	0.0	0.0008382217079020346	0.0	0.0	0.0	0.0	0.006962842348461568	6.055274849833725e-06	3.849524283893258e-05	0.0	0.0	0.0	0.0	0.0	4.582870558883356e-05	0.0	0.0	0.0	2.1084322869802365e-06	6.120400389839958e-05	4.6469187686282035e-05	0.0	0.0	2.118666466410312e-06	0.0
SRR14514237_2	0.0	0.0	3.8662444882335295e-06	1.159873346470059e-05	1.933122244116765e-05	0.0	0.0006727265409526342	0.0	0.0	5.799366732350295e-06	1.5464977952934118e-05	0.0	5.4127422835269414e-05	0.0	0.0	0.0	0.0	0.0	0.0	0.0007577839196937718	0.0008950355990260621	1.9331222441167647e-06	0.0	0.0	0.0	0.0	0.0	0.0	0.0	0.0	0.0005793339403619406	0.000928483406870674	0.001628433548653523	0.0	0.0	0.0	0.0	0.0	0.0	0.0	0.0	0.0	0.0	2.0832247452434878e-06	0.0003559559757836868	0.0	0.0	0.0	0.0	0.0	0.0	0.0	0.0	0.0	0.0
SRR14514238_1	0.0	0.05977407741506099	2.3427689916317297e-05	5.354900552301097e-05	0.0	3.3468128451881855e-06	0.00020415558355647926	0.0	0.0	0.0	0.0	0.0	0.0	1.840747064853502e-05	0.0	0.0	0.0	0.0	0.0	0.0	0.0	0.0	0.0	0.0	1.6783713487241106e-06	6.554944858795394e-05	2.861437080693216e-05	0.0	0.0	0.0	0.0	0.0007914694062788837	0.0	0.0	0.0	0.0	0.007112570448984114	8.645580280800839e-06	4.679003384756389e-05	0.0	0.0	0.0	0.0	0.0	7.22376660087636e-05	0.0	0.0	0.0	3.5557668787320108e-06	4.094021153807302e-05	5.5238090961597875e-05	0.0	0.0	1.7888195486779657e-06	0.0
SRR14514238_2	0.0	0.0	0.0	6.693625690376371e-06	2.008087707112911e-05	0.0	0.0006927902589539543	0.0	0.0	5.020219267782278e-06	1.3387251380752742e-05	0.0	4.852878625522868e-05	0.0	0.0	0.0	0.0	0.0	0.0	0.0006676891626150429	0.0008383766177196404	1.6734064225940928e-06	0.0	0.0	0.0	0.0	0.0	0.0	0.0	0.0	0.0005262176586925955	0.000868815894416146	0.0016615431457393274	0.0	0.0	0.0	0.0	0.0	0.0	0.0	0.0	0.0	0.0	3.5387729640930437e-06	0.000367422444576898	1.7807085232651883e-06	0.0	0.0	0.0	0.0	0.0	0.0	0.0	0.0	0.0
SRR14514239_1	0.0	0.06015533455873929	3.950656823034542e-05	6.847805159926539e-05	0.0	1.0535084861425445e-05	0.0002581095791049234	0.0	0.0	0.0	0.0	0.0	0.0	1.4485741684459986e-05	0.0	0.0	0.0	0.0	0.0	0.0	0.0	0.0	0.0	0.0	6.606011851290958e-06	8.204872598576053e-05	2.121034275701792e-05	0.0	0.0	0.0	0.0	0.0007951578474670119	0.0	0.0	0.0	0.0	0.007216464245996058	2.716475970053569e-06	4.2218840296395875e-05	0.0	0.0	0.0	0.0	0.0	3.890047907051418e-05	0.0	0.0	0.0	0.0	6.740606438318324e-05	6.0434370775040164e-05	0.0	0.0	0.0	0.0
SRR14514239_2	0.0	0.0	7.901313646069082e-06	1.0535084861425445e-05	1.843639850749453e-05	0.0	0.0007400897115151375	0.0	0.0	1.3168856076781806e-06	1.0535084861425445e-05	0.0	5.39923099148054e-05	0.0	0.0	0.0	0.0	0.0	0.0	0.0007348221690844247	0.0009007497556518756	0.0	0.0	0.0	0.0	0.0	0.0	0.0	0.0	0.0	0.0005397186812130717	0.0008846738616918873	0.0016565959716915068	0.0	0.0	0.0	0.0	0.0	0.0	0.0	0.0	0.0	0.0	5.55898127776798e-06	0.00037940072233155027	0.0	0.0	0.0	0.0	0.0	0.0	0.0	0.0	0.0	0.0
SRR14514240_1	0.0	0.05703022006452388	7.502660068127155e-05	0.00021007448190756033	0.0	0.0	3.501241365126006e-05	0.00012004256109003447	0.0	0.0	0.0	0.0	0.0	4.751684709813865e-05	0.0	0.0	0.0	0.0	0.0	0.0	0.0	0.0	0.0	0.0	0.0	0.00010336740499482898	0.0	0.0	0.0	0.0	0.0	0.0003108727353820446	0.0	0.0	0.0	0.0	0.00863584943820036	4.215451183033441e-05	1.0589801930727393e-05	0.0	0.0	0.0	0.0	0.0	0.0005620365991105071	0.0	0.0	0.0	0.0	0.00010294772445323699	2.5058829779378722e-05	0.0	0.0	0.0	0.0
SRR14514240_2	0.0	0.0	1.0003546757502872e-05	2.500886689375718e-05	2.500886689375718e-05	5.001773378751436e-06	0.0008352961542514899	0.0	0.0	0.0	0.00023008157542256608	0.0	1.500532013625431e-05	0.0	0.0	0.0	0.0	0.0	0.0	0.0010603759562953046	0.00034012058975509764	0.0	0.0	0.0	0.0	0.0	5.063327415738194e-05	0.0	0.0	0.0	0.0001257581968101921	0.0013937280075645682	0.0010112653145592488	0.0	0.0	0.0	0.0	0.0	0.0	0.0	0.0	0.0	0.0	2.4624540735214912e-05	0.0005562735860344707	2.772367272015833e-06	0.0	0.0	4.1871511405241417e-05	0.0	0.0	0.0	0.0	0.0	0.0
SRR14514241_1	0.0	0.05896067305089533	3.7712035921971283e-05	4.609248834907601e-05	0.0	4.190226213552365e-06	0.0002472233465995895	0.0	0.0	0.0	0.0	0.0	0.0	1.0475565533880912e-05	0.0	0.0	0.0	0.0	0.0	0.0	0.0	0.0	0.0	0.0	4.206034890363287e-06	9.691986151753073e-05	4.433107323670623e-05	0.0	0.0	0.0	0.0	0.0007626871892330104	0.0	0.0	0.0	0.0	0.007319804897946253	1.3042892181344807e-05	6.978792278995715e-05	0.0	0.0	0.0	0.0	0.0	4.471468709567442e-05	0.0	0.0	0.0	0.0	4.529474046306217e-05	7.480139888589436e-05	0.0	0.0	0.0	0.0
SRR14514241_2	0.0	0.0	8.38045242710473e-06	8.38045242710473e-06	1.676090485420946e-05	0.0	0.0007165286825174544	0.0	0.0	6.285339320328547e-06	1.676090485420946e-05	0.0	9.218497669815203e-05	0.0	0.0	0.0	0.0	0.0	0.0	0.0007374798135852162	0.0008569012606714586	2.0951131067761824e-06	0.0	0.0	0.0	0.0	0.0	0.0	0.0	0.0	0.0005317043109048069	0.0009721264578925887	0.001543896609517154	0.0	0.0	0.0	0.0	0.0	0.0	0.0	0.0	0.0	0.0	4.464203804117701e-06	0.00042832688499541997	0.0	0.0	0.0	0.0	0.0	0.0	0.0	0.0	0.0	0.0
SRR14514242_1	0.0	0.060103435523493086	3.474552190237671e-05	5.053894094891158e-05	0.0	1.5793419046534868e-05	0.00021794918284218114	0.0	0.0	0.0	0.0	0.0	0.0	1.1055393332574407e-05	0.0	0.0	0.0	0.0	0.0	0.0	0.0	0.0	0.0	0.0	0.0	8.572543410288262e-05	2.0673512504199107e-05	0.0	0.0	0.0	0.0	0.0007728099557973592	0.0	0.0	0.0	0.0	0.007116385832002567	8.150391679297736e-06	3.268594408471112e-05	0.0	0.0	0.0	0.0	0.0	5.4949355926110706e-05	0.0	0.0	0.0	0.0	5.888506380861223e-05	5.893484296785833e-05	0.0	0.0	0.0	0.0
SRR14514242_2	0.0	0.0	6.317367618613947e-06	1.895210285584184e-05	1.5793419046534868e-05	0.0	0.0007170212247126829	0.0	0.0	3.1586838093069736e-06	1.895210285584184e-05	0.0	5.843565047217901e-05	0.0	0.0	0.0	0.0	0.0	0.0	0.0007833535847081293	0.0008417892351803084	1.5793419046534868e-06	0.0	0.0	0.0	0.0	0.0	0.0	0.0	0.0	0.0005303858196818719	0.0009119499439376354	0.0015473889563883928	0.0	0.0	0.0	0.0	0.0	0.0	0.0	0.0	0.0	0.0	3.3333397222344674e-06	0.000413097015081386	1.6784811598546514e-06	0.0	0.0	0.0	0.0	0.0	0.0	0.0	0.0	0.0
SRR14514243_1	0.0	0.05770462618049404	7.213529118131639e-05	0.00019837205074862003	0.0	0.0	5.410146838598729e-05	0.00012623675956730367	0.0	0.0	0.0	0.0	0.0	4.5084556988322744e-05	0.0	0.0	0.0	0.0	0.0	0.0	0.0	0.0	0.0	0.0	0.0	7.246786149985791e-05	0.0	0.0	0.0	0.0	0.0	0.0003479574476610648	0.0	0.0	0.0	0.0	0.008732572729644068	3.8991049771629424e-05	3.7229645296415925e-06	0.0	1.8718551196117293e-06	1.8775988079801103e-06	0.0	3.7800009937622614e-06	0.0006486545292909436	0.0	0.0	0.0	0.0	0.0001321060009361529	2.4907956956061425e-05	0.0	0.0	0.0	0.0
SRR14514243_2	0.0	0.0	0.0	3.967441014972401e-05	5.049470382692147e-05	2.1640587354394914e-05	0.0009125114334436522	0.0	0.0	0.0	0.00021460249126441623	0.0	7.213529118131638e-06	0.0	0.0	0.0	0.0	0.0	0.0	0.0010838327499992787	0.00036969336730424647	0.0	0.0	0.0	0.0	0.0	3.997188740820501e-05	0.0	0.0	0.0	0.00015024014237781922	0.001424990641153605	0.0010160100358231887	0.0	0.0	0.0	0.0	0.0	0.0	0.0	0.0	0.0	0.0	4.176286996872265e-05	0.0006153001526534915	1.9118681913713526e-06	0.0	0.0	2.4961748520560367e-05	0.0	0.0	0.0	0.0	0.0	0.0
SRR14514244_1	0.0	0.057484766419054	6.127937379644953e-05	0.00017441052542066404	0.0	1.4141393953026816e-05	6.59931717807918e-05	0.00010370355565552998	0.0	0.0	0.0	0.0	0.0	4.242418185908045e-05	2.356898992171136e-06	0.0	0.0	0.0	0.0	0.0	0.0	0.0	0.0	0.0	0.0	9.958817208352422e-05	0.0	0.0	0.0	0.0	0.0	0.0002977119468370975	0.0	0.0	0.0	0.0	0.008526382619743934	3.652742622835768e-05	0.0	0.0	0.0	0.0	0.0	2.476242189560698e-06	0.000591181925432336	0.0	0.0	0.0	0.0	0.00011524229404216631	3.008402166410568e-05	0.0	0.0	0.0	0.0
SRR14514244_2	0.0	0.0	0.0	1.8855191937369086e-05	2.828278790605363e-05	2.828278790605363e-05	0.000763635273463448	0.0	0.0	0.0	0.00023568989921711358	0.0	9.427595968684543e-06	0.0	0.0	0.0	0.0	0.0	0.0	0.0009498302938449677	0.0003606055458021838	2.356898992171136e-06	0.0	0.0	0.0	0.0	4.996179825739909e-05	0.0	0.0	0.0	0.0001681437615709931	0.0012353167374991184	0.000975274380411083	0.0	0.0	0.0	0.0	0.0	0.0	0.0	0.0	0.0	0.0	2.24053971315565e-05	0.000551940828746397	2.5056169040542407e-06	0.0	0.0	4.2772757597926216e-05	0.0	0.0	0.0	0.0	0.0	0.0
SRR14514245_1	0.0	0.059167514670006395	4.7100393782842224e-05	5.181043316112644e-05	0.0	1.4130118134852666e-05	0.000254342126427348	0.0	0.0	0.0	0.0	0.0	0.0	2.355019689142111e-06	0.0	0.0	0.0	0.0	0.0	0.0	0.0	0.0	0.0	0.0	0.0	0.00010647727026162482	3.08123688148584e-05	0.0	0.0	0.0	0.0	0.0008594720571987991	0.0	0.0	0.0	0.0	0.007058002132966553	1.2157474995538815e-05	4.389086468222087e-05	0.0	0.0	0.0	0.0	0.0	5.483123357539745e-05	0.0	0.0	0.0	0.0	5.8024114418306236e-05	5.051002625283869e-05	0.0	0.0	0.0	0.0
SRR14514245_2	0.0	0.0	4.710039378284222e-06	2.3550196891421112e-05	1.8840157513136888e-05	0.0	0.0006970858279860649	0.0	0.0	9.420078756568444e-06	1.6485137823994776e-05	0.0	8.713572849825811e-05	0.0	0.0	0.0	0.0	0.0	0.0	0.0007347661430123386	0.0009137476393871391	0.0	0.0	0.0	0.0	0.0	0.0	0.0	0.0	0.0	0.0005481313675092523	0.0009548840326931181	0.001695572449068972	0.0	0.0	0.0	0.0	0.0	0.0	0.0	0.0	0.0	0.0	4.971086668609367e-06	0.00041416582860460743	0.0	0.0	0.0	0.0	0.0	0.0	0.0	0.0	0.0	0.0
SRR14514246_1	0.0	0.06006552711129197	4.759550484254514e-05	5.156179691275724e-05	0.0	2.379775242127257e-05	0.000249876400423362	0.0	0.0	0.0	0.0	0.0	0.0	5.949438105318143e-06	0.0	0.0	0.0	0.0	0.0	0.0	0.0	0.0	0.0	0.0	1.9878192795570436e-06	8.955627195708337e-05	2.3909875073293728e-05	0.0	0.0	0.0	0.0	0.0007621865455180513	0.0	0.0	0.0	0.0	0.007001314399229098	2.430302764688122e-05	5.275217640262863e-05	0.0	0.0	0.0	0.0	0.0	7.197790237266928e-05	0.0	0.0	0.0	0.0	4.976441113067313e-05	5.1877477019834005e-05	0.0	0.0	2.08110291128816e-06	0.0
SRR14514246_2	0.0	3.966292070212095e-06	7.93258414042419e-06	7.93258414042419e-06	3.569662863190886e-05	3.966292070212095e-06	0.0006465056074445715	0.0	0.0	3.966292070212095e-06	2.379775242127257e-05	0.0	5.156179691275724e-05	0.0	0.0	0.0	0.0	0.0	0.0	0.0007159157186732832	0.0008408539188849642	1.9831460351060476e-06	0.0	0.0	0.0	0.0	0.0	0.0	0.0	0.0	0.0004976704507748437	0.0008844374704316473	0.0015181908866907293	0.0	0.0	0.0	0.0	0.0	0.0	0.0	0.0	0.0	0.0	6.173344805877321e-06	0.00035894281686110367	2.068250487388398e-06	0.0	0.0	0.0	0.0	0.0	0.0	0.0	0.0	0.0
SRR14514247_1	0.0	0.05673078307633226	4.8929950903687265e-05	0.00021668978257347214	0.0	6.989992986241037e-06	6.290993687616934e-05	0.0001467898527110618	0.0	0.0	0.0	0.0	0.0	4.5434954410566745e-05	0.0	0.0	0.0	0.0	0.0	0.0	0.0	0.0	0.0	0.0	0.0	7.728163126629325e-05	0.0	0.0	0.0	0.0	0.0	0.0003342244087925766	0.0	0.0	0.0	0.0	0.008722110709034886	6.136094238857213e-05	0.0	0.0	0.0	0.0	0.0	0.0	0.0006341725968564064	0.0	0.0	0.0	0.0	0.0001042387263397636	1.8629513157913366e-05	0.0	0.0	0.0	0.0
SRR14514247_2	0.0	0.0	6.989992986241037e-06	6.989992986241037e-06	3.4949964931205183e-05	2.795997194496415e-05	0.0006920093056378627	0.0	0.0	3.4949964931205187e-06	0.0002970747019152441	0.0	2.4464975451843632e-05	0.0	0.0	0.0	0.0	0.0	0.0	0.0009855890110599863	0.00035998463879141347	0.0	0.0	0.0	0.0	0.0	5.639935054737861e-05	0.0	0.0	0.0	0.00018507254007185298	0.0012274169114572483	0.0010625046819966416	0.0	0.0	0.0	0.0	0.0	0.0	0.0	0.0	0.0	0.0	2.9546146445696452e-05	0.0005003030354015169	3.7189010617611286e-06	0.0	0.0	4.108556120411471e-05	0.0	0.0	0.0	0.0	0.0	0.0
SRR14514248_1	0.0	0.057395149010666245	5.3163925962040326e-05	0.00020327383456074244	0.0	3.1272897624729608e-06	8.75641133492429e-05	0.00012821888026139138	0.0	0.0	0.0	0.0	0.0	4.534570155585793e-05	3.1272897624729608e-06	0.0	0.0	0.0	0.0	0.0	0.0	0.0	0.0	0.0	0.0	8.502527195136416e-05	0.0	0.0	0.0	0.0	0.0	0.0003030281361143385	0.0	0.0	0.0	0.0	0.008839130186400127	4.437848669031656e-05	8.256650790007908e-06	0.0	0.0	0.0	0.0	5.0956417994817395e-06	0.0005831510658479477	0.0	0.0	0.0	0.0	0.00012518102784855385	2.7848164012318915e-05	0.0	0.0	0.0	0.0
SRR14514248_2	0.0	0.0	0.0	2.5018318099783686e-05	3.7527477149675526e-05	1.5636448812364803e-05	0.0007849497303807132	0.0	0.0	0.0	0.0002126557038481613	0.0	1.2509159049891843e-05	0.0	0.0	0.0	0.0	0.0	0.0	0.0010445147806659688	0.00033774729434707975	0.0	0.0	0.0	0.0	0.0	4.4243158439443304e-05	0.0	0.0	0.0	0.00012647712473884876	0.001364036131822958	0.0010450336950794878	0.0	0.0	0.0	0.0	0.0	0.0	0.0	0.0	0.0	0.0	1.5313611534239433e-05	0.0005857175247762366	1.7242371043962114e-06	0.0	0.0	2.9516382408277756e-05	0.0	0.0	0.0	0.0	0.0	0.0
SRR14514249_1	0.0	0.06036767970742343	3.2450373643586865e-05	6.739692987514195e-05	0.0	7.488547763904661e-06	0.00022715261550510803	0.0	0.0	0.0	0.0	0.0	0.0	1.2480912939841101e-05	0.0	0.0	0.0	0.0	0.0	0.0	0.0	0.0	0.0	0.0	3.7609063934844555e-06	6.53329891792488e-05	3.399755917671813e-05	0.0	0.0	0.0	0.0	0.000759424528838551	0.0	0.0	0.0	0.0	0.007339868949383725	6.547866284136826e-06	4.599605642953903e-05	0.0	0.0	0.0	0.0	0.0	4.985165158993287e-05	0.0	0.0	0.0	0.0	5.320620089076185e-05	5.3253713842315675e-05	0.0	0.0	2.740472749910527e-06	0.0
SRR14514249_2	0.0	0.0	4.99236517593644e-06	1.747327811577754e-05	1.2480912939841101e-05	0.0	0.0006639845683995466	0.0	0.0	6.2404564699205505e-06	1.4977095527809322e-05	0.0	7.114120375709427e-05	0.0	0.0	0.0	0.0	0.0	0.0	0.0007588395067423389	0.000838717349557322	0.0	0.0	0.0	0.0	0.0	0.0	0.0	0.0	0.0	0.00051867124265331	0.0008933696482739423	0.0015879328865002849	0.0	0.0	0.0	0.0	0.0	0.0	0.0	0.0	0.0	0.0	2.6985808028628703e-06	0.0004026512947326947	1.3622241458643462e-06	0.0	0.0	0.0	0.0	0.0	0.0	0.0	0.0	0.0
SRR14514250_1	0.0	0.05771380372196948	6.322151319501781e-05	0.00018966453958505343	0.0	7.437825081766801e-06	5.20647755723676e-05	0.00015247541417621942	0.0	0.0	0.0	0.0	0.0	4.46269504906008e-05	1.8594562704417003e-06	0.0	0.0	0.0	0.0	0.0	0.0	0.0	0.0	0.0	0.0	8.860522481256979e-05	3.787507067014749e-06	0.0	0.0	0.0	0.0	0.0003377744395482465	0.0	0.0	0.0	0.0	0.00889505595040053	5.01412921443076e-05	1.8152287527071114e-05	0.0	4.081472476090377e-06	0.0	0.0	6.2381940877266e-06	0.0005942763943100044	0.0	0.0	0.0	2.121464491913815e-06	0.0001380224910409601	2.125216931518285e-05	0.0	0.0	0.0	0.0
SRR14514250_2	0.0	0.0	0.0	2.23134752453004e-05	6.694042573590121e-05	1.8594562704417e-05	0.0008255985840761148	0.0	0.0	0.0	0.0002510265965096295	0.0	2.0454018974858703e-05	0.0	0.0	0.0	0.0	0.0	0.0	0.0011138143059945785	0.00039234527306319873	0.0	0.0	0.0	0.0	0.0	4.551465496980491e-05	0.0	0.0	0.0	0.00015298341082749966	0.0013569894692165869	0.00108250365203063	0.0	0.0	0.0	0.0	0.0	0.0	0.0	0.0	0.0	0.0	1.880120861689473e-05	0.0005906964220424613	2.115528906661024e-06	0.0	0.0	3.407485760649426e-05	0.0	0.0	0.0	0.0	0.0	0.0
