Sample	1.0	2.0	3.0	4.0	5.0	6.0	7.0	8.0	9.0	>10	>50	>100	>500	>1k	>5k	>10k+
SRR14514161_1	45.78061009789497	4.924379901406209	1.6898674956338728	1.0540750299133306	0.8088413967725604	0.618129922305574	0.522956332444322	0.4467419998626076	0.425062034595159	6.772813820346838	3.4356072164238554	9.654529143595509	4.408368633901816	9.733310893430923	3.112358310879522	6.612347770593188
SRR14514161_2	30.99010167203084	8.920954978369174	3.6165473317601524	1.9366589247629111	1.2404332241691713	0.9626868555719585	0.7309930354673424	0.5927983680461223	0.5386425506148071	6.4856779121903925	2.511098197489327	6.952941684565947	3.9033108278670348	11.418964522529732	4.958867527829864	14.239322386735234
SRR14514162_1	75.06313846405644	6.787615008848437	1.667080234247987	0.8841636348550813	0.5839485131984676	0.4696161142917558	0.35769487594844096	0.2941996446840511	0.26885856396941205	3.510594813659619	1.598009900255359	3.868644625805675	1.5855821018033536	2.697438176913489	0.30026849224622065	0.0631468352162943
SRR14514162_2	50.80883353408547	16.128542978835757	6.177266050907159	2.9585483776470682	1.7305164295055104	1.1816992516745404	0.8859359368986738	0.6848808557184802	0.5654156079223029	5.151130904006028	1.4652718205272166	3.1853846673771153	1.5396933074952384	2.7691945266388722	1.3073661616186605	3.4603195891418186
SRR14514163_1	65.62609436921227	8.901254697767124	2.5374343127460968	1.3209798875024534	0.8099141571324029	0.6687663291505263	0.5402032936823006	0.42335545941311953	0.3688341052289589	4.735576096479314	2.0096182394594138	4.961704852804669	2.101324393557686	3.8677237304930445	0.8402581370429614	0.2869579383276419
SRR14514163_2	40.316491271168736	16.109822455264165	7.08037179903355	3.563853359162286	2.16503983649374	1.5113850635776374	1.1724765409165074	0.8884739643648618	0.7643628982586065	7.413855593307445	2.0353200347612326	4.464574517700959	1.9723200198225737	3.9993239936783413	1.4262833284149028	5.116045324074534
SRR14514164_1	62.42213356533313	7.023851801685891	2.444977507471	1.3450139056398718	0.87127549233762	0.6783785817768678	0.5925364602543493	0.4713968056121031	0.3864394794513578	5.128345073415642	2.2739540809937475	5.9568973722788225	2.783817025742804	5.040326989244891	1.362936777347923	1.2177190814139376
SRR14514164_2	43.34001187235399	11.80160481242054	4.862482992269465	2.6830999474710278	1.8396291648654928	1.4508899993650415	1.1150156710827646	0.8892170295590782	0.7735472766919194	7.9274546989387895	2.1806269737160195	4.991100615354857	2.3332514338307853	5.292637706101083	1.883295067601828	6.636134738377455
SRR14514165_1	79.32160021804381	7.252687417940979	1.972401836940561	0.9643015116064994	0.6210111565430422	0.4458647283240458	0.3677358199506068	0.26564470772540516	0.20673621266493586	3.319832122692965	1.2315741067476647	2.2129210107587736	0.649635378537497	0.6992728217287183	0.24772144027216683	0.22105950952228562
SRR14514165_2	53.18564838641515	15.852909692606158	6.380224510679872	3.313269016581314	2.103714317658977	1.4323649244410477	1.1187406391295684	0.8824533043577564	0.7085868084680729	6.188807010508105	1.3135604116118038	2.565765930228183	1.1777394783804458	2.3304801491751004	0.45394663879079294	0.9917887809676867
SRR14514166_1	80.1926003593986	6.157483270233263	1.5462504793245049	0.846517162296029	0.6249424387468614	0.46112903290121243	0.37475203220682474	0.3314096354029035	0.2821611395659043	3.7268223623261494	1.4042005533175448	2.5011422750200807	0.8584544607632333	0.692134798496811	0.0	0.0
SRR14514166_2	62.09399791282234	14.90043078152381	5.031193314591396	2.1650160428626863	1.1727365339342195	0.7931858713603577	0.5387184737664479	0.44649078887188814	0.3703153621132727	3.91692583839022	1.4174724299824901	3.2142969428831942	1.1834608209400928	1.8492040231659777	0.9065548627916035	0.0
SRR14514167_1	76.6710795605742	7.717707502799047	1.9484507869360228	1.0346186829175605	0.6609192265695107	0.48327595006916313	0.396996759965331	0.34374678250202717	0.2844459614323211	3.7472397407938	1.3882661773736542	2.6857168253333055	0.8533889090053908	1.2403451239323997	0.3635562805805325	0.1802457292158251
SRR14514167_2	52.17116426922175	16.34944864769048	6.619555440214428	3.2975391030377166	2.030451627969884	1.3304697815022497	0.96908181271377	0.8306962717807179	0.6444524863168969	5.350938333251728	1.284842709723406	3.0003640305706254	1.4050055221496942	2.6971531323904308	0.8259317611991113	1.1929050702672286
SRR14514168_1	79.77387239622955	6.702494820750618	1.7058733628890452	0.8422969170480619	0.5733805332666514	0.42813606888879246	0.3453203666202973	0.2779208846654213	0.2706682725158186	3.6482128945503463	1.339005146622026	2.398308097413108	0.7259658087219134	0.6744121717990764	0.2426409989254913	0.0514912590938108
SRR14514168_2	55.59101760875854	16.376680805182946	6.0747853852654	2.847489087896364	1.772604932087567	1.1386476753187211	0.8434065481128208	0.6526412302537934	0.5374966013270441	4.944426336540745	1.3699165952468102	2.999220980353906	1.366655428745752	2.0252957248675294	0.5587893504063276	0.9009257096357406
SRR14514169_1	83.03761049188618	5.7348187114833005	1.3105840037739775	0.6377937428650855	0.45062696394865787	0.32994585689171646	0.2632525570141989	0.20226250867025988	0.193692857073835	3.0356498023048797	1.1755096677723451	2.152631409466151	0.6292498131600817	0.6856127645768425	0.16075884911254218	0.0
SRR14514169_2	59.96706595052701	15.221614524587675	5.481515432882127	2.761980181785569	1.6715893609125132	1.1421679910544544	0.8640944573054742	0.6503240377169944	0.46172399678614573	3.8736295442629123	0.9757848873204257	2.378673724612407	1.1412586369465794	1.9788500918617953	0.401588755533311	1.0281384259046087
SRR14514170_1	77.80007468247817	8.313147905796889	2.1325477395186883	0.9718587135197613	0.627363571929049	0.4806357553724861	0.36211259281226765	0.2856815648618315	0.24852666021109435	3.1499777183206907	1.1965205902230707	2.2432525548718885	0.6760866792417561	0.960235607955693	0.23852169849914134	0.3134559643874809
SRR14514170_2	51.87562704733774	16.917015067523703	6.763303621733814	3.5631997265304785	2.18485119491316	1.5851950071336534	1.119037881368774	0.8721748490875851	0.7225847861917024	5.750924115430379	1.1287946701230978	2.378266925308439	1.10000287675721	2.383867704381951	0.5222283588603127	1.1329261673180882
SRR14514171_1	78.68527987317329	7.126423925317238	1.8100541762279005	0.8409461966745241	0.5977095959994967	0.4503036849686037	0.3043261855293628	0.29016467428690157	0.2543466501143067	3.175378168318012	1.170610770776614	2.6802921485952793	0.9807726129930713	1.4611993684063649	0.17219196861910765	0.0
SRR14514171_2	53.812894024694494	16.19540082762227	6.252693915593707	3.1399607477161826	1.9462666399927304	1.3522878506044864	1.0218641870583718	0.8095991410614742	0.6325991317199801	5.2140386646793875	1.229073003695743	2.4815683126340504	1.257263795955503	2.190792007101527	0.8504983986205293	1.6131993512496334
SRR14514172_1	81.13293170979401	6.5990186314244745	1.6952366566129993	0.8320758742535023	0.5616773467305316	0.4102295543541807	0.32821135682160696	0.26461093063920754	0.2434123970181653	2.992123589485518	1.0258822833960863	2.3120148479179856	0.7243868525648403	0.7453492151827897	0.13283875380415675	0.0
SRR14514172_2	58.11132130923199	16.369255873757822	5.902407313692175	2.766710650087618	1.6643814970869812	1.1407428408466216	0.8093539167690255	0.6438539180334342	0.48517454242088703	4.177059470396472	1.1291627645953892	2.5724064140447225	1.1371903274260462	1.8554721403384644	0.4706582426995774	0.7648487785728042
SRR14514173_1	70.71048453919816	8.998614451183805	2.467364232202021	1.173251323400263	0.7489819996275329	0.5538436417175145	0.42645221337422046	0.36149701628004627	0.2733405710828607	3.642102294380757	1.5863988329649663	3.9702745229043543	1.645016832048385	2.8988901369572964	0.49656224185655035	0.046925150821231255
SRR14514173_2	44.66114025075817	16.78759761625743	7.241233408478899	3.578367833739525	2.147894515218994	1.4309372988448783	1.115055871976317	0.8440805322313459	0.704831073650406	6.975416612083898	1.7249145656741893	3.3625058256488782	1.513233389288262	3.1606719481322947	1.2389893883076415	3.5131298697088114
SRR14514174_1	79.74703042578513	5.64128283877144	1.379517883261209	0.7214453301367226	0.5057130245150686	0.36976618458428856	0.28778095639962287	0.22303524144811926	0.23513769813090177	3.4199134645363913	1.4503733747941363	2.7748123915969853	1.0664009725069254	1.4626601893542024	0.49559861328612503	0.21953141089274963
SRR14514174_2	57.67771799358954	14.851246744677734	5.350331418859652	2.5479114221239088	1.492044612939261	1.0694177101044613	0.739574868570396	0.5995535692642978	0.44959900305304124	3.9592950091241854	1.2135604594863882	2.9630329504778214	1.3572492223485138	3.048327258926473	1.0846259125773028	1.596511843877025
SRR14514175_1	76.74783666943263	7.3341107400025125	1.9670318580814794	0.803197779310166	0.5542042824795727	0.4635629309394122	0.3696542268978567	0.31027484257840093	0.26911632751423725	3.2452153230080922	1.327490089502246	2.937972844933125	1.2255748255309717	1.8291826872052612	0.43741126520730356	0.17816330737660954
SRR14514175_2	52.98873856122162	16.410702981107526	6.397395487188427	3.2368045174231184	1.8804960941880444	1.2620034404179914	0.8892599102260165	0.7114666535443873	0.5591595022950225	4.666436327905592	1.1369007428868978	2.892350797915324	1.3289122835705791	2.5007036765202155	0.9814390316416991	2.1572299919474562
SRR14514176_1	73.33533908549542	8.323759470896759	2.166893853376386	1.0064210921968535	0.719045610044553	0.4864030172950688	0.4111156066546671	0.32296075758463727	0.2644930718622071	4.112882638584244	1.6695745349842201	3.4990354815129168	1.2015855653741985	1.9770633041185501	0.4465664314592393	0.05686047856011553
SRR14514176_2	48.29786942697277	16.872696542211965	6.908535559717302	3.5311881298999177	2.087651444724031	1.4533040616171147	1.0283874398414097	0.8161158822806325	0.7034176315132714	5.675003951649764	1.4433369582969608	3.5639596148667345	1.7329690996662854	3.168472750510708	1.1820962989253596	1.534995207305738
SRR14514177_1	79.66220658108787	7.358720372338098	1.6910913627947701	0.7974665679266268	0.526579781111032	0.4294431433364089	0.3151431568524675	0.26252612658353713	0.2541887548073952	3.214713471226196	1.2533449144368198	2.334966226389932	0.6655827651192479	0.918085463942802	0.2722699930188727	0.04367131902800789
SRR14514177_2	56.296823037862694	16.79698608764624	6.280137356436214	2.901660135248297	1.7015079937264155	1.1535138649149341	0.8523447744051784	0.6388346834293899	0.5049632886310437	4.2133511025585255	1.126814017084327	2.6682510455069197	1.272062965501866	2.0522587807354	0.52094304990462	1.019547816407937
SRR14514178_1	80.65054546140512	7.902567075381517	1.7525415050479116	0.7922429134765858	0.500554568635921	0.38578797532053727	0.27652114506890896	0.2075438872441294	0.23182408411895639	2.894526995795741	0.9887656244585733	2.017739569727392	0.6856052355435138	0.6668945988731918	0.04633935990203039	0.0
SRR14514178_2	49.62290732707482	18.31396542013718	8.016912914117267	4.087926706850282	2.3556414974406668	1.6155250238492704	1.1636491881607511	0.8894735955072323	0.6930628258129743	5.270137832278052	1.0975837155535593	2.2979656268224633	1.0159328710521753	1.9483746179619355	0.679039496256817	0.9319013411246149
SRR14514179_1	78.59045713394437	6.841879518390609	1.7495778384540523	0.8833174079828426	0.5568685911280489	0.4336171130476606	0.31295361052273135	0.26344413137474326	0.2412555605266061	3.213454308558251	1.3062311728065499	2.8422779432866907	1.0063205560966997	1.4841552047771744	0.23916286793947408	0.03502704116347111
SRR14514179_2	54.0589653930156	15.468330721378413	6.141725870491409	3.1074830583332074	1.983340592370309	1.3876413854975562	0.9692536585417765	0.7743234634213166	0.6639105509857037	5.278705046533726	1.132331727383078	2.6264585953598285	1.2042941127702058	2.334427472108657	0.8568652966379259	2.011943055171321
SRR14514180_1	74.19684844869332	11.432157510848025	2.855211459943774	1.1843376189073829	0.6675748290408748	0.48307400105065323	0.3825642157106994	0.3310222508294271	0.2554883858580557	3.2305679731601207	1.0158955855836533	2.0918567093616756	0.6411113726043859	0.9103158709999799	0.3219737674080047	0.0
SRR14514180_2	39.96602923749023	20.512542438013114	10.764239889889472	5.57496576918658	3.2600253989376706	1.9966487110019249	1.353343897749204	1.0351113839779562	0.8170083295413232	6.215683077189617	1.206316840018889	2.525292142273939	1.135091919128503	1.9863608143160676	0.5811581254770697	1.0701820258083226
SRR14514181_1	68.0835856335693	11.036410525066456	2.9082535212144616	1.2693218553429022	0.7434880975811106	0.5155042156868583	0.41251629295950526	0.31586468890888225	0.2886685697521476	3.8228846509898404	1.6008519297831159	3.8175803612062027	1.5025632065567223	2.6986544061063626	0.7413068305240573	0.2425452147521105
SRR14514181_2	39.0440338986105	19.49228531420073	9.844792832671333	5.022771911485523	2.8514940493314715	1.6819298061989236	1.1623309594922488	0.9044715135295631	0.6795961674725259	5.555550860849334	1.4118484263386137	3.2194293531158498	1.5920043900286218	3.3715810882571113	1.2235403416497996	2.942339086767712
SRR14514182_1	77.07431676313807	8.630336600772367	2.296488858593633	1.2076416454982222	0.701077611586727	0.5110447991776178	0.4328086506889749	0.30914371047865075	0.2502948299886855	2.875399122631856	1.084919877321902	2.225717144571228	0.738206301007577	1.1919917833628912	0.2251306360763778	0.24548166510522887
SRR14514182_2	49.69327940989706	16.032416645741744	6.864213550240617	3.92334421842731	2.558896343598572	1.7174576511086725	1.3728079495337393	1.061962592162283	0.8540337415568147	7.059993811177772	1.2149551847165734	2.2845901090518725	1.0447726841591969	2.2090262472509843	0.6911687568229166	1.4170811045538543
SRR14514183_1	81.70068552093731	7.464710897230827	1.644263294386654	0.7136752436882434	0.4550635718558782	0.2990461596633852	0.2600855809532825	0.2457403967357402	0.19460084129928013	2.5653464033798876	0.8946266268322716	1.825320791433473	0.6361458959462613	0.9384026456496463	0.162286130007676	0.0
SRR14514183_2	52.703071032441606	18.291695638447223	7.506619158307229	3.696451792627818	2.08796351924961	1.3809131179517597	0.9517981745337519	0.7870080149370539	0.6118323567661016	4.525338482101168	0.9457404114067406	2.2989772444539103	0.9676833169387021	1.7410116388628545	0.6674104159232401	0.836485685051267
SRR14514184_1	73.25427183518536	6.773983418476674	1.826387168309431	0.919383836981237	0.6082454499831349	0.4663804045131189	0.3524814859610342	0.3055968399509738	0.24525164622340662	3.564400893758637	1.5169595629156045	4.329580783062309	1.8118398639225024	3.510088507356643	0.4414305605741257	0.07371774282586534
SRR14514184_2	48.48259264506194	15.632423926818628	6.0847428042911735	3.0536407680567277	1.8495851363381297	1.2635923909482316	0.9442461989792348	0.738624643662968	0.5951970927319693	5.72393481431536	1.4958454435400337	3.273742796103743	1.3744889457209644	3.3360294314203753	1.314837037985644	4.836475924024873
SRR14514185_1	81.41659124565624	7.987411083679892	1.8466728062042526	0.7667643027995422	0.468391063041226	0.337421675733156	0.27748797807656583	0.21330397931741601	0.2087737980895663	2.689132468391877	0.934218732369638	1.7096191624879191	0.4782112535460252	0.6362991914496468	0.029701259156980093	0.0
SRR14514185_2	55.16199668232724	17.93664569676198	7.1381345000361325	3.4220515221339993	1.9361138098223794	1.30315946240599	0.9823553217463097	0.7543089269691343	0.5602513592749753	4.322341104442865	0.9569835619416258	2.01593853635289	0.7797766002340908	1.480389157152212	0.44311345083171505	0.806440307566401
SRR14514186_1	74.21813581722388	9.181093461339247	1.8962957220809409	0.8167077224044599	0.5150326154532752	0.3583066902553728	0.33020167915670556	0.2738923864450053	0.22507176770575715	3.5931107411079384	1.571398288392092	3.4777751736529936	1.2473778768629307	1.3255801806406409	0.47390357439246683	0.4961163028863789
SRR14514186_2	44.295163335416156	20.290505183611746	9.506804550572182	4.423947703738402	2.3144897359705494	1.2913782867899208	0.9255087469835835	0.6597719886978637	0.48008341332364346	3.987456210898298	1.1243495917766344	2.9930641092459025	1.3678437244604522	3.0632992983716223	0.7944798917224546	2.481854228420767
SRR14514187_1	84.77753204048514	6.719399472098611	1.5456138655325777	0.6913819110587316	0.4478969383318264	0.3060910366327532	0.2427397347043371	0.20317585032617702	0.18457203658072907	2.2081634658244313	0.7422211632540242	1.3769229007075627	0.26900133789395847	0.2852882465694071	0.0	0.0
SRR14514187_2	61.13468117741762	17.422570616073557	6.2465277112016	2.706529219734822	1.5427989326127869	1.0132620815686924	0.7730354990525604	0.572854294603327	0.44379183039551345	3.281972101923316	0.8128777711331112	1.8848304428496072	0.6756687683010099	0.9041605971335083	0.2480577104452297	0.33638124555374793
SRR14514188_1	75.87997223568269	7.55895279277733	1.805152177007487	0.8816446122454049	0.590709540413765	0.40529695579446157	0.34350483808810006	0.30367102860681605	0.2655916183325212	3.794585215831285	1.466078023905183	2.9152220646843734	0.9230089910528692	1.8346377198384014	0.7304932968901078	0.30147888884914814
SRR14514188_2	51.67956096009705	16.810305285648568	6.722909242051083	3.168278792412291	1.840275217310456	1.2184572055746639	0.8721031349081261	0.6678540105539879	0.5328075228958693	4.550469856499269	1.3953572927100546	3.617193443590869	1.6617559230397556	3.1427549906976484	1.0649281367642438	1.054988985246269
SRR14514189_1	72.00902292497014	6.12749012227569	1.840126716295868	1.0888705242218542	0.7592912319216497	0.5585462961251734	0.4217317785322566	0.3919761654915793	0.3306744322589683	4.966334351434513	1.9659078188456878	4.254484671945912	1.5356317805807247	2.269734073804637	0.7230046507152474	0.7571724605798957
SRR14514189_2	52.29846459577504	13.55719600174339	4.903683265633488	2.376193630759426	1.5941775976746786	1.058126034761401	0.7981828924520439	0.6535864034400747	0.5256222189639315	5.579983794748484	1.7661651637020086	4.387273357011339	2.1264195673774364	4.682738683386292	1.4330067288190844	2.2591800637517907
SRR14514190_1	79.99300616147153	7.1792381970366135	1.6231705046047558	0.755330240113934	0.4969584524308947	0.4223894027123903	0.3425077787028278	0.29487744685445577	0.24105435524933902	3.334860297106991	1.2592164351952957	2.4219656844519917	0.67154154924865	0.8384402568537518	0.1254432379663257	0.0
SRR14514190_2	53.70328098111852	17.82703810391675	6.81195495595557	3.2138581490687343	1.8579144820069782	1.1725765989142172	0.8582354031520186	0.6645587780940903	0.5024160067952894	4.524320705459256	1.2417721003569293	2.6961579203873414	1.2195876606751805	2.025669093366315	0.5520366084080288	1.1286224523249495
SRR14514191_1	79.47761537895856	6.161986386049125	1.6640453511015154	0.8387202740033572	0.5490227967760334	0.3510090546656138	0.32228041982017064	0.3012828951226486	0.22044978163078396	3.2318921016728965	1.2886115213011682	2.7057119177948716	1.0412718568423756	1.4643216732957198	0.23753422501765256	0.14424436594750034
SRR14514191_2	54.904368373204335	14.869396494641974	5.638657801273511	3.0472761191843634	1.8906064375390392	1.3320585204492694	1.0017557731946598	0.7766544384284513	0.6346842433014036	5.389799893507139	1.1842941495766675	2.7043127494875745	1.323797794339206	2.5698385937279333	0.9054365090342908	1.8270621091103567
SRR14514192_1	74.6068800997937	7.419326660057514	2.0284897141506173	1.0754732702142993	0.6652833359368879	0.5390230325912668	0.42787883431451657	0.33383530428409675	0.2811041621822715	3.6238599913279117	1.4601446599866408	3.139633877158939	1.2563751903117248	1.7796047870357072	0.5322049583269969	0.8308821223269619
SRR14514192_2	49.70388635908255	14.808013482839025	6.184318217063621	3.3386409159571215	2.1053084706203227	1.541542264478478	1.1734033704038234	0.9136364778355265	0.7246290461123377	6.612611542127664	1.4329403432437304	3.020431730483843	1.4616594671595886	3.5626857976327955	1.0024921728352367	2.4138003421242877
SRR14514193_1	75.23666638889357	6.690009429791592	1.8236502630839941	0.9414668448372524	0.6468262866478198	0.4338063742944348	0.3450842982821978	0.33502938482508615	0.2555183446786429	3.6473454183539284	1.60992789972625	3.634890129979293	1.4589108270524136	2.1790144880599702	0.48147710079228195	0.28037652070121677
SRR14514193_2	51.72091540814125	14.939982745399009	5.91447835573515	2.9920007811896423	1.953203083475079	1.3199508645352718	1.0318503808505706	0.7666930955156611	0.6933197093324568	5.4189125301607595	1.3354942555304383	3.0831588270006196	1.6046628210964344	3.387597380409038	1.2025200602373733	2.6352597013913397
SRR14514194_1	75.12812891391533	8.29659205509427	2.1352562749524027	1.084890085721943	0.7063891882531539	0.4777542846275396	0.4057867448671932	0.3471630173924817	0.28926518290962827	3.598401505663408	1.436340169146333	3.1057089615054307	1.184082061718292	1.642220489596324	0.16202106463637497	0.0
SRR14514194_2	50.88293799472351	16.861957745380515	6.658154167387721	3.272912572681523	1.9412226945684448	1.2735815704342057	0.9532319349904755	0.7662548745071106	0.6140707615722627	5.523563673066968	1.491998866499578	3.0409340804268927	1.3151400055461766	2.3685447745858004	0.906366434185785	2.1291278494431194
SRR14514195_1	74.47723348919287	9.636001639425478	2.507016627336279	1.143257601195115	0.6986626593715578	0.49509987572153236	0.36660808733905526	0.3107990195883198	0.2723546550178705	3.2836881255560515	1.1787496245285227	2.78577503692509	1.0414230573980963	1.697209034868002	0.10612146653581865	0.0
SRR14514195_2	46.41700547527152	19.470459916297187	8.889724260097125	4.366240328233453	2.3806077945403668	1.518455175691482	1.1320995217513157	0.8462993662495175	0.6866101102997315	5.125819035240889	1.116424860568976	2.4958957102537993	1.0030587076203499	2.1680389105069358	0.9169857394995578	1.466275087877709
SRR14514196_1	80.74645156408819	5.590289403865044	1.3389785211152698	0.7089567001784672	0.46655743434504987	0.42540099240493906	0.37764185944636136	0.29002936451786865	0.30625437775510844	3.91790026250117	1.5094530052392707	2.909319057224121	0.9114352973878732	0.5013321599311765	0.0	0.0
SRR14514196_2	62.12621572560425	15.342799572860477	4.802032996250354	1.8628279493657431	0.9294018760050815	0.5861998366262198	0.4539034167036169	0.3986120529834905	0.30836536073818044	3.4886419350150035	1.2926760533369377	3.2916852167492614	1.1129775436375353	2.573634275007869	0.4234487113347109	1.0065774777813574
SRR14514197_1	80.16980265301919	9.19041078839385	2.171088212663288	0.9352109495965233	0.5598975065448958	0.4426705874496406	0.3060198822565034	0.2517107751615919	0.21419258073320666	2.495006585589614	0.7920570161224627	1.499440838257633	0.4164341959235536	0.5560574282881424	0.0	0.0
SRR14514197_2	52.77212101226084	19.960586351304542	8.242831430825703	3.7992406771833056	2.1404828392267246	1.3234485027729748	0.9654439986777326	0.7097581039141914	0.5393929667960511	4.133988791753118	0.8879795859443197	1.8680084091208016	0.6262632660969356	1.1850137078899254	0.2737656838816139	0.5716746723511232
SRR14514198_1	82.00477753179538	6.254757305896015	1.4258065409237572	0.6963376969049963	0.4235603669036502	0.3339146658356899	0.29327914620636175	0.24643964608703772	0.18836008080879188	3.181371406730787	1.155226538974021	2.4165200608616004	0.7938692311186889	0.5857797809533274	0.0	0.0
SRR14514198_2	60.822975079706474	16.750441417860323	5.450399811897513	2.384226805009708	1.3670589514907052	0.8631438098756155	0.6003619874516957	0.46522396898433327	0.3563262442110183	3.156554968734994	1.056433837416634	2.529156930157619	0.9908084638192356	1.8024119669787257	0.5064851866329181	0.897990569772545
SRR14514199_1	79.90102435105763	7.789058207958366	1.7855472889794242	0.778574662301083	0.5434698338220062	0.3930004316254768	0.30602078001489	0.28295907139638266	0.2092221595128232	2.9937745831070965	1.0275450363894818	2.234679535339084	0.7288679304107845	0.9167312519104591	0.10952487617497243	0.0
SRR14514199_2	53.998480580923726	17.727143140387838	7.219244908351555	3.4665996112744053	1.9929486659525857	1.3772393727272634	0.9681257184781288	0.6977298436574053	0.545811618852336	4.36928659088505	0.9900178474756302	2.362400379234461	1.0042701285734383	1.7678693308568163	0.782161718689434	0.7306705436799076
SRR14514200_1	80.37598869663623	6.601431050841443	1.6902807786502092	0.7240738596881631	0.5123088359882927	0.3568539251853612	0.28654903394189846	0.28899829694385115	0.21044013268268236	3.133036888066808	1.271886506393813	2.6070679593568884	0.8015652857841237	1.0550608468338578	0.08445790300636424	0.0
SRR14514200_2	55.205845825023836	16.208073719686553	6.167856917802736	3.170813709312216	1.8983702910619176	1.3184668697231492	0.9179498121803091	0.7311221494501345	0.6075116127625629	4.63187074238922	1.1189705740708056	2.493262248207242	1.1487042115466406	2.1845733529275506	0.5946127973960044	1.6019951664592358
SRR14514201_1	79.4132558706215	8.6412040009819	2.1258657181208807	1.0008276291103146	0.5990171175405848	0.41720305618216214	0.33674252188516396	0.26095061744968306	0.21768562796332305	2.7067008831736517	0.9037320387259844	1.870814767224528	0.6091553035707529	0.645788716833854	0.1740753205220644	0.07698081009361687
SRR14514201_2	53.320149428754405	17.74143002449473	7.108185872767129	3.520319855476165	2.0726787832243985	1.449798651987571	1.0873300729256041	0.7921761709141726	0.6724511275333886	5.2212224245774985	1.0958615259602433	2.055636816585582	0.9821983074332833	1.6034888809481864	0.4211654095297025	0.8559066468879017
SRR14514202_1	80.25752321157758	7.851275340227608	1.721165307006158	0.7750569380853712	0.44338932663303376	0.38618580517356643	0.2695093303964416	0.25621892923371725	0.19628011299692893	2.7414465035224866	1.1090711796332464	2.2328609497005156	0.7290000412348672	0.9498194870021367	0.08119753757645626	0.0
SRR14514202_2	54.44157046582184	18.081158641597373	7.164922596462291	3.358065383027905	1.885877648250066	1.2505430441414116	0.8800617577288159	0.6290847407306376	0.5504962215566058	3.953647161145564	1.0534154311382327	2.248982404602819	0.9899005004351209	1.8996971316676812	0.5694952399818906	1.043081631711625
SRR14514203_1	79.76366246948768	7.963841875367768	1.8508421369908938	0.8451216666164255	0.5552812343709941	0.40148834718288984	0.2985406067936197	0.23282014474203216	0.22916277588811057	2.48976570454859	1.0186787715251377	2.271834047799706	0.7626229844170069	1.048036957887456	0.20953529441946572	0.05876498196247
SRR14514203_2	49.0201510633076	16.35463319429786	7.074172454196985	3.880721270142288	2.5094707564166976	1.814652655300158	1.3899966534691366	1.018460899286701	0.8805848132142613	7.0867469230507645	1.2738315984757909	2.187255933517591	0.9345555237632068	2.1474223131224655	0.7409796188400821	1.6863643295983344
SRR14514204_1	72.58639914199246	6.981128650367135	1.9545409787771215	0.9726936211201526	0.649468037704024	0.49350646402481985	0.384093704904662	0.35934118620440536	0.29089870978308563	3.867161583533428	1.6252873566677213	3.931081489986183	1.6376297124811583	2.7818179171260513	0.8423874743090859	0.642563971018811
SRR14514204_2	49.546689938078295	15.105201297104905	6.0476980551055615	3.020385400243008	1.8297745093147828	1.34755692047722	0.9586596619813594	0.7901462409765654	0.6199631212209241	5.626659531000316	1.3747973092934533	3.569170869917159	1.7769424929418502	3.8386437586200777	1.139396728562155	3.408314165162244
SRR14514205_1	68.06471003582824	6.509678617317756	1.7942246439112637	0.9524412550012465	0.6288033525304424	0.48995120833555333	0.40870472843306793	0.3299973921872068	0.2778398187396667	4.354464806185666	1.9455943697195326	5.300567196402583	2.4786533453086808	4.72314971480969	0.88388366697851	0.8573358483108537
SRR14514205_2	47.390559332596936	13.858113862685137	5.233230260120733	2.5655138619643916	1.6250237067214524	1.1348307603316607	0.8657789755993226	0.6716603834545823	0.5140183232831734	5.472446346006826	1.7014636135190813	3.9996090259986223	2.123720121676182	4.850395516985974	1.8521424762042766	6.141493432851457
SRR14514206_1	70.53967222175307	7.162893301981711	1.8339168617535242	0.9545135706240807	0.6580997803868339	0.4727486723113843	0.439448143107511	0.36294231028648377	0.3029190384144621	4.692743131157534	1.8834375152224383	4.200700105811526	1.5410449607468677	2.7947650829719692	0.8398739641644017	1.3202813393064317
SRR14514206_2	44.52209108586101	15.54901126048385	6.781292406620709	3.3079914568112425	2.0187239149482297	1.3549317945130892	1.063776327437657	0.8227364721490391	0.6481042630805882	5.929163196939405	1.6325896004213847	4.075973990152133	2.1568231622837013	5.131049149481239	1.4506927894224941	3.5550491293941757
SRR14514207_1	71.07698993259997	7.66770748168274	1.9874836348140326	0.9866729512894263	0.6678109251191009	0.48387581219414744	0.4061570360352676	0.31119321143873424	0.293632629956682	3.677550466355148	1.6817197796501253	4.447865477143976	1.858289683644097	3.5352931773193674	0.7124130612306503	0.2053447395263392
SRR14514207_2	47.25773561010973	15.892374192118194	6.112789125509155	3.0842729775740834	1.8143556543205295	1.282103157281983	0.9613022087085341	0.7761422037868058	0.6190241650727453	5.665446358859862	1.5278266357407684	3.460037262216075	1.592458323670796	3.671463924349494	1.3436857084804037	4.9389824922007834
SRR14514208_1	74.63760011740966	8.635273831982596	2.423082006785119	1.2681428323048962	0.747292048346047	0.5360989777309506	0.4437517484056747	0.34615637617836004	0.2843185100888562	3.4715639609859155	1.308730758900325	2.813499446815989	1.0131617518129423	1.5304890377564364	0.41217186164368946	0.12866673285246866
SRR14514208_2	48.43162883395532	16.086430718554617	6.930236248644185	3.669400394559281	2.2864436358850546	1.6004938681145882	1.2558918998292443	0.951966407078305	0.8111879772783184	7.0875241948102925	1.4810969595285444	2.7025389858728857	1.2773933627989082	2.5775203789053367	0.9171580056738935	1.9330881285113506
SRR14514209_1	70.89916838520224	8.695773943185882	2.3138288452528024	1.1038046963563835	0.7313728303237476	0.5451439195338503	0.4059515601580837	0.35125305662723016	0.3107155187771883	4.204700332789236	1.6912238278523177	3.6082886692224045	1.286375735192926	2.582855605856846	0.680454567426263	0.5890885062424579
SRR14514209_2	45.78737069048003	16.426039557425007	7.005287088525305	3.652004850024492	2.2300898384356107	1.50398773702575	1.0948644785433699	0.8251408355130567	0.6479191934674527	6.201710406613137	1.5501058039357958	3.8435822714360697	2.002072259441549	4.068662029853369	1.1613868965090486	1.9997760627710364
SRR14514210_1	78.40773805921602	7.673074949222439	1.7801897482889393	0.8656332210375185	0.5038610682016392	0.3896448261690362	0.2788791483380882	0.2333580100947225	0.20533643663370135	3.112280215649865	1.2579955651432821	2.7270686901862846	1.0166743560477567	1.347532661930374	0.2007330438404356	0.0
SRR14514210_2	52.91861308255735	17.772938536135673	6.963414134345765	3.3065657782514504	1.9400926266054048	1.2163052678534152	0.8924796238924291	0.65163219325213	0.5104797805239004	4.363238918922079	1.1115978808996072	2.5915605423688577	1.1429461870223132	2.2039531058324076	0.8070412740081165	1.6071410675290319
SRR14514211_1	80.15271252168212	7.381626227280741	1.8163988571916823	0.8429649147230333	0.5664833545531933	0.3981930489562504	0.34078333550013207	0.2593622683085377	0.22322024367812382	2.942022720840217	1.0879841897526785	2.3506888759079256	0.6950014899265253	0.8683363178557377	0.07422163384316664	0.0
SRR14514211_2	56.99869378305754	16.374690812892737	6.202570333935032	2.979427381762695	1.8335832156102028	1.187278901842207	0.8721594566003302	0.6479670037011604	0.4999131342912767	4.4782951284436265	1.0801094422421846	2.49186222568971	1.0983019457231629	1.7921917029531214	0.3992614422530411	1.0636940890019646
SRR14514212_1	74.54132162727477	7.137252199414452	2.08228185897056	1.0152513914561254	0.6751911853659084	0.46962269406814766	0.41063308536881843	0.336075669101513	0.273851612091316	3.575067854320128	1.5170902243197206	3.4644295319406853	1.378439388579042	2.044306565099138	0.5603479998590436	0.5188371127705599
SRR14514212_2	49.62408813702567	14.39724457402367	5.999812094111821	3.22642421626926	2.1614899695515346	1.5940677686194364	1.1770433472049824	0.9221666154187064	0.768222388852407	6.902555185806471	1.5140660391922587	3.1037078952807593	1.492883914786819	3.4877927756559783	1.0766331180902167	2.5518019601100703
SRR14514213_1	80.49156861922219	6.920756553882672	1.7332514690945815	0.8582256590484971	0.5566783755327924	0.44676536357447993	0.32338607613073583	0.2657660636814255	0.1978827185751661	3.1692743948688094	1.1464114800689107	2.3183417100105763	0.7559978269763292	0.8156936893329466	0.0	0.0
SRR14514213_2	58.2474189531083	15.760134506595042	5.695815680415996	2.820239600245262	1.7138265595978424	1.1344664618036637	0.8562722889714078	0.6785779894082855	0.561687635266294	4.597357796637939	1.2234298400738741	2.5646116304863193	0.9674233621771416	1.7322006023059107	0.5676571381539322	0.8788799547525598
SRR14514214_1	78.29229266421873	10.826329604208714	2.4806507836410137	0.9469604983108224	0.5673641519466597	0.3907540660759548	0.296013590871424	0.23977828214947877	0.17926445651774767	2.412238055900499	0.7941614011568084	1.5119753025214444	0.44463894951520444	0.537071685915075	0.0805065070504033	0.0
SRR14514214_2	45.8852246823688	22.393533313719395	10.684428703805349	5.038102842720027	2.6496114884819293	1.5909959195440058	0.981329487424318	0.752616240770386	0.5787058799906192	4.009580987940589	0.796626142699401	1.8901397059522047	0.7135770252812832	1.1994142671624322	0.2729723255310822	0.5631409866079639
SRR14514215_1	77.4393435944428	6.67575472988826	1.8313861670469407	0.8751216866714129	0.6471846661668872	0.42064115445524103	0.3686246252026666	0.30382309820423725	0.23496549329458546	3.541758931611536	1.4256171854234037	2.846571143618047	1.0266639126180785	1.4404881990598848	0.19422151118423267	0.7278339011117213
SRR14514215_2	52.5479452001125	15.079304797472624	5.9932900733636645	3.1569131132844084	2.0827842710062696	1.3463821668472622	1.1486060760829395	0.8189694692599508	0.6913593773617084	5.780819973331233	1.338493788893752	2.7678832372617723	1.3324567861485703	3.193976444031644	1.08553364329804	1.6352815822436244
SRR14514216_1	81.26274174048629	6.485774536363381	1.5490995230409537	0.745098107247113	0.4776788877500794	0.33114240721072097	0.29728239500115256	0.250479879072998	0.17189561152797334	2.811074961981957	1.1644292004010712	2.391446194444652	0.8723254925579977	1.0460743676522704	0.14345669526122218	0.0
SRR14514216_2	56.887913028741764	16.09752733326127	6.1640894261740975	3.013530070143156	1.8493167005582158	1.2667353287150547	0.892930856434207	0.6975550917150505	0.5407223246838968	4.288057563877546	1.0168207675191456	2.2115662813107586	1.0544833756714351	1.9378755987257974	0.6372009091823032	1.443675343286215
SRR14514217_1	68.59937016432177	7.216709583964626	2.3929067120221807	1.2582876587997232	0.8627521739625561	0.6270809870117705	0.5164189300446185	0.44111703507387423	0.3683823734516261	4.780672234506071	2.000033629555465	4.5751969435217745	1.7352368310358972	2.9138833806880053	0.8614452453486153	0.8505061166914638
SRR14514217_2	46.83452655213744	14.130255903080721	5.5886282795655235	2.916716438073908	1.9891997586834391	1.3357537755032873	1.141905465953468	0.8502672545251506	0.7341358765737681	7.160566470245031	1.7979290115332773	3.908110320262923	1.994506209950279	4.781554706745019	1.5699965543889638	3.265947422777643
SRR14514218_1	77.87405051132849	6.95862762577142	1.8504826923129805	0.9261609540557257	0.5871672419472929	0.5020968388915282	0.3277388164895254	0.31451870376598323	0.25415534308919935	3.4663794863036985	1.4123733740437758	2.9015560200104487	1.048367481199189	1.2925374164152759	0.2390516636503064	0.04473583072513837
SRR14514218_2	53.389633691323844	15.108571638191034	6.149927417194458	3.1649520318695847	2.0195473469797904	1.4047440759013072	1.0272716885994628	0.8203508173189014	0.6297594351900977	5.8479139625215435	1.2632239342883094	2.8406590848241517	1.3003223726585442	2.563350408066342	0.8760448077935299	1.593727287278877
SRR14514219_1	76.37726262390933	6.631950885179581	1.5143504775740584	0.7717469889209614	0.5001207593789936	0.34181766378454936	0.3339888978681799	0.2810402901599367	0.24419022493866452	3.5117962893343813	1.5253023484502217	3.466488323855395	1.269778023901052	2.04583173753344	0.6045460681609435	0.5797883970503712
SRR14514219_2	53.73719575067769	16.268632338038152	6.0476780245325905	2.7860400537656704	1.5412150444359194	0.9987662744272806	0.7297122215864582	0.5766302422783581	0.4062245295021652	3.6934175741562574	1.1527597009087793	3.1453243984258417	1.5870878012694534	3.3384780549394546	1.3030016459844478	2.6878363450716045
SRR14514220_1	75.23988402376568	6.699648230579001	1.6003041892955507	0.7848364923368951	0.5205655049453594	0.4264991079432731	0.33011161544657414	0.26772359065463175	0.2481827457899156	3.8203719287745095	1.6519637038000852	3.649337673079464	1.408594890887459	2.1097378443985364	0.6053569498202713	0.6368815084825535
SRR14514220_2	51.314123898466924	16.27029380624157	6.368686786614195	2.9651077119617284	1.7561597314099873	1.1554206429144498	0.851346881035113	0.6416398798275214	0.5041129639749515	4.413713788783918	1.2566308119663883	3.293864462348494	1.4940536954672967	3.3961916075200604	1.2594801820547579	3.059173149412742
SRR14514221_1	79.11863726320233	8.39322801523438	2.1957830400583074	1.1011924413176761	0.6100957644826714	0.4914820898484411	0.37832367904280995	0.298518800128025	0.2622511613474921	3.164070952317963	0.9681282142646113	1.7133527194290323	0.5626968447676332	0.6258645833388033	0.11637443121974805	0.0
SRR14514221_2	55.08073158951029	16.82263841746636	6.748761276962742	3.4071946709837584	2.090551384688094	1.3517124145896655	1.0762792255848201	0.8063836293785585	0.6210400355590963	5.209818838213138	1.1528400388825026	2.3670959364713253	0.8475383067573008	1.449439292469298	0.3671980768155562	0.6007768656675343
SRR14514222_1	58.16449344978638	10.510773193149795	3.4695130313544786	1.7245390076440634	1.1275689850162514	0.8123658767336027	0.6314549140084484	0.5610928077199012	0.43439293729324546	5.421530607237106	2.0294208897562065	4.763216468875308	1.9915683823226036	4.591428205953125	1.3392450961762705	2.4273961469731433
SRR14514222_2	33.50779984591317	14.853997631204246	7.74113753664835	4.338503114899226	2.7377354200892716	1.9172766294420502	1.3968735668670347	1.1412730307400893	0.9380116391531748	9.73642093374814	2.433495369992837	4.562781038194482	1.9730659983861742	5.556943580303264	1.9607905138980464	5.20389415052038
SRR14514223_1	80.26048681446075	8.099966196827634	1.9759975963553909	0.9621767909499054	0.6093574248536703	0.40466129169168175	0.357813315255874	0.2393022639297722	0.2088954864879641	2.6426554509742073	0.95413711166756	1.83298176326986	0.6228009165600003	0.63606566743653	0.1927019092791527	0.0
SRR14514223_2	53.703494233046925	17.50828351937872	6.794395156027701	3.401963188837361	2.064626534094213	1.4787335060552989	1.0247835434199872	0.8409848609050502	0.6729440419834359	5.472166645222069	1.0294050964747956	2.085683313469764	0.9904248390266746	1.60225653459596	0.39707419558380613	0.9327807918782478
SRR14514224_1	61.64985914675064	5.18806574758306	1.5301602304706787	0.8580279588866379	0.6536468358500048	0.4814317484274913	0.43638168227065727	0.3730719069305181	0.32255974367220724	4.937073586224304	2.3377805628444936	6.487189326693042	2.7661308274785847	5.606744672590436	1.9757686544659	4.396107368861329
SRR14514224_2	43.09281328710944	11.734283055923646	4.313441925339452	2.21374503899375	1.3450746287619941	0.9929089778884502	0.7489952475488387	0.5839016663226432	0.4672208867047095	5.208929034164349	1.8559926621705307	5.029472907366907	2.5354957651395167	6.731254683019028	3.500916802771144	9.645553430775275
SRR14514225_1	79.35503482293566	6.47142897596735	1.5764507050547865	0.8013996696687502	0.5326736662913125	0.39390579779921864	0.3104308068386225	0.2590163533578401	0.2555723075454301	3.5426265145497293	1.4199498380481095	2.637984353125672	0.9786407742185751	1.014027502708027	0.2771857812255189	0.1736721306653551
SRR14514225_2	54.64477558998245	16.230715761194634	6.110625133197277	3.062122972576852	1.817589290444566	1.2327589091812936	0.9135082066571961	0.6581794264480416	0.5780457870280319	4.499391624441454	1.212833114462609	2.940102522026396	1.4766443713432476	2.5585047038670727	0.8580497209183033	1.2061528662306278
SRR14514226_1	72.29334146376931	6.305093117588158	1.8614102638747358	0.9647652003568088	0.6118559628459478	0.5081914802813174	0.3920353828898748	0.2961288552157332	0.2712523628432456	3.903054925302581	1.5863868226727067	3.9833244944499286	1.595293237852747	3.0990613349980345	0.812036005925717	1.5167690891331824
SRR14514226_2	49.57862216025956	13.663171183316747	5.53773175710543	2.9375621297070778	1.826295960928797	1.2934260189617681	1.0249585374045622	0.7787483750074309	0.6478469443100545	6.110933682248713	1.4982530782550496	3.448189933231998	1.7892672496525903	4.497212902796411	1.5029168633370817	3.8648632234767404
SRR14514227_1	71.8283327849734	9.075202203687043	1.951057762949174	0.856085627606889	0.568988793591888	0.42067435773431416	0.359510390875833	0.3143487709263507	0.24220416500521352	3.93409255231311	1.7870609016611743	3.7601171837081524	1.5532219895750798	2.3544119725476484	0.4428390573407673	0.5518514855038708
SRR14514227_2	43.42896678606617	18.740527416436027	8.498111803828236	4.019899137951799	2.245027340721545	1.4254039762101591	0.9849710176849102	0.7262329433788077	0.5164723615515157	4.790318047105306	1.4092362900470394	3.5586936492914183	1.8498428053397191	3.7303164123161445	0.9441141857494326	3.1318658263219405
SRR14514228_1	74.67411029419691	5.825488532153444	1.5600257465891794	0.8543916913191902	0.5709117784309007	0.45186111930372386	0.3333363988169385	0.3225384845995835	0.2755895337983802	3.688665759638231	1.647016040011073	4.081401730248261	1.6738548667303308	2.8631024648191645	0.6012500102300181	0.5764555491147565
SRR14514228_2	52.75060762717778	14.012045370933121	5.436924580682061	2.754195497944107	1.6548276324763607	1.191377466515662	0.8873824642451119	0.6760782900798693	0.5571035142240628	4.881353182633616	1.3516647428021369	3.3769329631767064	1.72711592748899	3.945026447413677	1.057440536203023	3.7399237560037433
SRR14514229_1	72.61291761989885	7.188805992623005	1.8107830769629334	0.9242686539978164	0.6019298864270708	0.40895270823252267	0.31627404307834334	0.3080262206916935	0.2550355330751378	3.729135567354721	1.6719130232396517	3.9863998328558075	1.516309727469499	2.7023540286673176	0.7536891664040101	1.2132049190216696
SRR14514229_2	48.574187420576365	14.880391303901458	6.040390768718389	3.0995019844505944	1.9982900726830173	1.4394544290387767	1.0130380682125135	0.8387810142370092	0.6514793430459171	5.655049967873477	1.3872985020767246	3.2156069799818847	1.60709998730587	4.402765711711073	1.4883346866971507	3.7083297594899083
SRR14514230_1	68.30420002671536	8.210607501543135	2.2022332529232163	1.0404830353450614	0.7571702327233795	0.5349120021930582	0.4010743634064133	0.35340607110531197	0.3046063474226091	4.062711602687435	1.8872211929156248	4.825900400021386	2.162316713887234	4.007212810726661	0.7059455027719345	0.23999894361220925
SRR14514230_2	45.029561946839834	16.19663037469162	6.538022958077483	3.1841525728897597	1.8781905376879677	1.278434357407705	0.9702678295538608	0.7251652692495248	0.6497984401549142	6.064234986990136	1.7392956947230924	3.8330760838033386	1.6777053686305603	3.7916423585053414	1.5280326279433165	4.915788592851507
SRR14514231_1	78.19580373447207	7.3343533018997835	1.9717216838295977	0.9652554254352007	0.5578803986414399	0.42873191602889515	0.3403114044141119	0.301594685565052	0.2274764308663019	3.183604256699081	1.184784551124497	2.448789714133005	0.9488243179911473	1.3671038154341186	0.28472856166357363	0.25903580180202634
SRR14514231_2	52.71002251125256	16.04293310440722	6.385784927568075	3.408867507747493	2.102332033823189	1.4553131550183371	1.0736396739097076	0.8094795651104513	0.6928070503669979	5.553474862698821	1.169923235166461	2.620105932316825	1.1546944470033877	2.520100829728496	0.8167941249738251	1.483727038908062
SRR14514232_1	71.89196615845566	7.134018270217244	2.251491384966895	1.1385210250545403	0.7893783324648425	0.5464552484822809	0.4521732250782867	0.38999461571913696	0.33811328072714675	4.383296517534045	1.754169200087766	3.784625609212093	1.3883729161755816	2.2098029016528797	0.7932525659622264	0.7543687482092882
SRR14514232_2	48.91034468781781	13.422811641065206	5.480175871699357	3.1081512381618897	1.966578582833385	1.4681792132627114	1.132568119098738	0.9189649246167988	0.7490579347232238	7.497537219955104	1.8114291912499076	3.5601968434894666	1.7254232176780717	3.9378761360654093	1.4013662783017717	2.9093388999811567
SRR14514233_1	78.62037892661623	7.234725353284675	1.9703296035484918	0.986658034755621	0.6032726541678597	0.47667930798702224	0.3359486554466243	0.3039916941353875	0.2551873289444475	3.2851788367173325	1.2660706924819114	2.4355642460994713	0.7907013436003316	0.8765114358483848	0.23341957800983806	0.32538230835626725
SRR14514233_2	53.262849022932855	15.892689006793276	6.187589043876175	3.262199890648149	2.0229544870130263	1.4043710875603954	1.0215028758197013	0.828849669712941	0.6985353655130853	5.96522832461819	1.279440480357282	2.691871442609924	1.2000104836264407	2.5615693535835145	0.6058783526983752	1.1144611126366888
SRR14514234_1	76.58068784061142	7.966669994554159	2.0352672214198955	0.9471736807990336	0.6141497594740611	0.4291142572091313	0.3955826888422824	0.25073848696759204	0.24618681764674583	3.19766426282213	1.3209154832579386	2.8395061090890303	0.9969235808846301	1.5514427929143666	0.2975279120273383	0.3304491114805755
SRR14514234_2	50.458225451961965	16.2643480680504	6.607508142009197	3.545175677663305	2.07720472955557	1.4640440322442412	1.143075664198607	0.8794858708929156	0.720628172897549	6.182978935853824	1.2819674244743717	2.4965256650670242	1.230051685353078	2.8478198721007897	0.966263163580212	1.834697444097079
SRR14514235_1	68.16620902941258	8.257104429684235	2.6827842415442977	1.4452133141927705	0.945529749772701	0.734080240426855	0.5854067627094905	0.5075887949182654	0.4083619222581103	5.072793377081207	2.0681468478403935	4.674052287286306	1.5534618562126166	2.386227127955694	0.3994711269370431	0.11356889176729476
SRR14514235_2	45.30193199277851	14.391650508466464	5.940704157474067	3.2027795036952402	2.080607539492583	1.484793536130367	1.1805225635366459	0.9133794759013825	0.7766853450700903	8.362229849517274	2.3453934276597495	4.420324701705394	1.7318804757090818	3.736556657761289	1.1822314945913028	2.9483287705105785
SRR14514236_1	79.76241685605281	5.936838199995962	1.3807915178178771	0.7183313584296388	0.48199476511941386	0.400899244406167	0.2989996595571756	0.250578983054282	0.23042389167419716	3.363065967867312	1.550597334644845	2.9512073096589595	1.0728656395089142	1.3612822073156376	0.20028315841356417	0.03942390648327218
SRR14514236_2	56.803256400018206	15.16974313344304	5.62878761096529	2.6716732356734703	1.6641280851891747	1.131491923043082	0.8497741630120237	0.6017053584419433	0.5238538325828048	4.1869047413536595	1.1117763029310648	2.7541598564933123	1.291673102119062	2.5829348372781884	1.1277666684222045	1.9003707490333637
SRR14514237_1	70.10503323861515	11.396913268825038	3.3420012411970914	1.5122342178441663	0.9102908691134698	0.645937037282735	0.5216590132638568	0.40078971478372355	0.3761730965608949	3.869729553894001	1.2519668246358842	2.5567538696121406	0.9869303954338385	1.6666956150004235	0.22133650549230385	0.23555553844527574
SRR14514237_2	42.3806944643	19.40860036871137	9.424004631730524	4.8461101773267785	2.7802688621624254	1.8315947552723377	1.3533825539345103	0.9701271960449694	0.7825254249863834	6.639411514288393	1.3971098204065524	2.933815220804562	1.2227748031589685	2.154305055422786	0.9137892270415409	0.9614859244077805
SRR14514238_1	68.59746740767815	9.284398723617835	2.3928992751262417	1.1861989209795476	0.7501156828639705	0.5528656738003821	0.4291584171926098	0.40320460457385804	0.34374090074154845	4.862916987849566	2.0078014045488235	4.1201031364320215	1.5423790243596374	2.4067167639624993	0.7596378934229181	0.3603951828504413
SRR14514238_2	40.95123503778591	17.01203834703039	8.104615222671645	4.095890594067605	2.4473226605691827	1.5677993903731324	1.1760636052694526	0.9941096344065663	0.7734624137454051	6.66530816205035	1.7214576585990786	4.311828719834148	2.0054708635410066	4.549707016967792	1.3736315016225928	2.2500591714657356
SRR14514239_1	77.68638340919026	7.528523009235348	1.8513594361598114	0.9021006856142149	0.6070753258427709	0.4127374721986302	0.3702980983184297	0.2729574520737946	0.23511493429874047	3.1753036218564787	1.3340613080957875	2.72638675804402	0.9781036466430203	1.4338308722731075	0.23811746249160376	0.24764650766405905
SRR14514239_2	51.88731911644159	15.972993270330335	6.3192847979440785	3.338373013806928	2.05370638026466	1.4674679661258077	1.0972631302799354	0.8354799976424764	0.7412138351655412	5.9891546663626	1.2404333106953265	2.531161730028205	1.2541360741366758	2.6971388005705177	0.9032772561788046	1.6715966540267402
SRR14514240_1	82.97708891530363	7.287999225408423	1.5622337590393833	0.7126613823704626	0.4640189788204022	0.3356699129797845	0.24862490932339149	0.2322176228143867	0.2087043726547492	2.5961641176286228	0.8876931582099256	1.6959217431528018	0.4571712013652319	0.333830700928799	0.0	0.0
SRR14514240_2	58.41899661379708	18.31247884878583	6.781912663493767	3.008080915415002	1.6833576966430543	1.061581295074433	0.7626507191608746	0.5874525159304724	0.4407717006879103	3.217841586813829	0.829635478001496	1.993538532943463	0.7670864623483977	1.255851932647575	0.3606677991237072	0.5180952391329232
SRR14514241_1	76.31419082799688	8.179696255720899	1.7702652175736764	0.8024739907692924	0.5335119945331893	0.4565849060347656	0.3509793540590913	0.2919538233386779	0.23071503812209923	3.903627021959586	1.564670754244161	3.2348017944580256	0.9834675502553973	1.2853228709876237	0.09773859994672827	0.0
SRR14514241_2	47.69094663495291	19.113000519829576	8.16698722275727	3.6643635247187825	2.0136922664261383	1.2696260861977915	0.9313602570823332	0.6765486291581067	0.5235759740668146	4.500444466571516	1.235982634460236	3.159466974994906	1.5353781618095097	2.7301382972091397	0.826381078232695	1.9621072715321703
SRR14514242_1	78.24115337330053	7.984803900088186	1.9127742702145833	0.8308422243059683	0.5443347256889306	0.39419267407571873	0.32410618073446457	0.2655997403248194	0.21084717912681436	3.2009056887445104	1.271863732234352	2.5502921872647346	0.8855792633071867	1.1776746473534772	0.205030213235853	0.0
SRR14514242_2	52.85933871662593	17.2768423423105	6.953662207146381	3.3000316658430515	1.9952419633786818	1.342300653752019	0.9987526766341974	0.753948794634731	0.6122272813901494	4.719302951125941	1.075523631478529	2.5640682182765	1.1979124395870535	2.106122409780001	0.7467977125688379	1.4979263354673737
SRR14514243_1	78.83506867713814	5.931650258453753	1.4632250482487608	0.6827397369331694	0.5137196879551196	0.3653999407932124	0.3019829727384672	0.2645973112425247	0.226098912967968	3.3651472279478325	1.524854026584682	3.28735048882009	1.1927125443399407	1.759219739762921	0.286233426073435	0.0
SRR14514243_2	55.61315771668529	15.071269581758079	5.6527374569439415	2.7293273384513967	1.6948566791620174	1.1753838702804775	0.8272168220925892	0.6690597432926927	0.511189647497715	4.319529791824681	1.1213584263184546	2.8203937553949134	1.38278690635222	2.8078762573620297	1.2203066299568484	2.3835493766266698
SRR14514244_1	83.4399194821424	6.695819604648684	1.5384431309230693	0.7645720375444092	0.4352173945268534	0.32195024887764134	0.23405227699444253	0.21662332532836953	0.18710560173406887	2.4910205166214774	0.8834442546137	1.7949024903387039	0.4559913507172171	0.4297941102888807	0.11114417470016778	0.0
SRR14514244_2	59.493765544157505	16.768703825381326	6.0640782435764935	2.868327646496706	1.7057607627994114	1.1154461031744443	0.768178012334247	0.6384974978454045	0.5042545300317279	3.892035697027917	0.8579832454184364	1.9684993572604288	0.9535814449993317	1.3341967079525106	0.26921356882514874	0.7974778127189349
SRR14514245_1	72.93029832906105	8.35638212732565	2.208265353743608	1.103975696613126	0.7025106710356828	0.5217174456686633	0.44540191792927586	0.34470622486270913	0.28298061757866305	3.813018377868577	1.5490445638886412	3.329138706205617	1.337183084969236	2.4441747507577207	0.4412851484012081	0.18991698409072105
SRR14514245_2	48.67941455322993	16.845990126383956	6.7692493311888535	3.4266292233225277	2.091201491826076	1.3776328624837932	1.1000735630308556	0.7868091533963846	0.6424370712264771	5.7653159561983145	1.4618228752907554	3.1957797686839413	1.5751233141719667	2.8734145136232243	0.8936713315637917	2.5154348643791713
SRR14514246_1	81.14013641706815	7.575724845769334	1.5833116649917978	0.759817355783472	0.4422240032635254	0.31579963580332004	0.25808766605567074	0.2080705209908502	0.21047041550257128	2.6856341595064945	1.0501162898428344	2.164886668858827	0.7054082027815035	0.779775292294799	0.12053686148674522	0.0
SRR14514246_2	55.765896947136994	17.83090014067784	6.868203607588211	3.269359735015779	1.8802097172658694	1.183685893319519	0.87217052240772	0.6343753780927303	0.5084124460943139	3.7279935401864988	0.8581743301978332	2.027149724700359	1.0318891520043534	1.8645084240422678	0.4222636064661221	1.2548068348034485
SRR14514247_1	76.7636470735926	6.24194053019583	1.7052584158634223	0.9371408796638026	0.6568135990036108	0.48834357312550436	0.3661157480831455	0.34215197194333524	0.2858195302967365	4.031414404496506	1.604294991759023	3.4744449145891627	1.2827598556581512	1.5818270705836597	0.2380274411456032	0.0
SRR14514247_2	56.9126878390453	14.299631789419761	5.139708530393112	2.496779626111086	1.5384762146077806	1.0840355669202273	0.7655220973368648	0.6517953960486274	0.5437253386416283	4.79509957877799	1.4388008068672171	3.512495559928017	1.4924673181914752	2.8066499492391124	0.9904259517150549	1.5316984367566642
SRR14514248_1	72.92180721435044	6.376738915837474	1.8122087402861247	0.9264561313381613	0.6602553236526092	0.5125709773494919	0.42419363671570615	0.3507377351318924	0.2932283561780347	4.065078117987828	1.839528844115455	4.292327787328428	1.7241315892465099	2.6564334342155256	0.7521251924473946	0.39217800381898943
SRR14514248_2	50.62889835618486	13.974959387324551	5.522791530762407	2.861836092943438	1.8552892112419863	1.2780653372356514	1.0558307206818187	0.738861314233649	0.6334019965281105	5.799646812392776	1.5739230971900928	3.6140603394468784	1.84919425801396	4.205003072567204	1.0104230415247595	3.3978154317277123
SRR14514249_1	70.95687939991453	6.785642216521179	1.9782072370185335	1.0020682360944646	0.6898130982058598	0.4995193921413182	0.441046067522095	0.35705112214201556	0.307648657995351	4.360787159824053	1.836972383169699	3.9378715858093707	1.3528645935859176	2.817752839413316	0.9386577995465013	1.7372182110959917
SRR14514249_2	49.25876970549724	13.555928159146607	5.245593719216939	2.886430284981993	1.8120487866814219	1.2710440027114978	1.0520705250551083	0.8020360690751862	0.6472026582082352	6.247919467499691	1.6884667348434654	3.8996890806578395	1.8446887015621276	4.84879077682521	1.546481417923776	3.3928399101140974
SRR14514250_1	72.23942920537229	5.841331553818199	1.444191922033597	0.7304550599239947	0.46511022022486215	0.413476011986871	0.3203154109707347	0.27668269741733836	0.2828568048213037	4.4530043287974115	2.1122249320089246	5.292414666641132	2.075698196588268	3.5461550567178444	0.44783771551536933	0.05881621716182269
SRR14514250_2	50.40991473463661	15.018299947201722	5.560771462096773	2.667612950011046	1.4917404015356153	1.0076661595643395	0.7157887781734296	0.5770022881606854	0.4490471509766291	4.1217088987185475	1.3293082400579361	3.7156168806818552	1.77032881156713	4.377241322954804	1.436202264705591	5.351749708957186
SRR14514251_1	59.73025496978431	5.298493026528937	1.36163218195976	0.7477226950974903	0.5739323759517031	0.447171756043163	0.3805788527736248	0.32569351774240984	0.3212456904703195	5.644275541403361	3.0538762810910884	8.391295546747681	3.5854124646318737	7.6136197830071906	1.8022315194333127	0.7225637973339927
SRR14514251_2	41.31262261922385	12.861249532124141	4.798081469116251	2.2995362227267226	1.2956412263331403	0.8642186761698482	0.6966389964391665	0.5038713758578973	0.4129698725956584	4.302791036635602	1.6645633148089631	4.8146401596575465	2.612255764964534	6.93614591556332	3.0479313939008192	11.576842423882505
SRR14514252_1	77.22091569313416	7.937108880340246	2.2921228824919773	1.1140441865163708	0.7601001066768394	0.5527492769993645	0.4379149024257794	0.29788304954051975	0.28868887198427495	3.3929236083531737	1.2757046483078138	2.4189713157796278	0.9604491267632557	0.9066730535670944	0.14375039711937654	0.0
SRR14514252_2	52.4176493841223	15.314747237893625	6.350440813003788	3.345603758883562	2.1704584186015397	1.5100800746670755	1.181072156890679	0.8551538690979115	0.7808541621595181	6.8704730740071	1.5501134421253928	2.6835164983957553	0.9914153737898241	1.9716739533685679	0.6984054342613915	1.308342348732026
SRR14514253_1	67.68738772646998	7.806922579223929	1.8852048038112186	0.9797957753095629	0.660825785605904	0.5110806669378406	0.4090326192848828	0.3400705004070384	0.3118176872529229	4.945241377853809	2.2002633817525834	4.976541093332525	1.686773106393533	2.8859010810344627	0.9880604283826557	1.7250813869471322
SRR14514253_2	43.51758767011375	16.171877249002677	6.745254298018728	3.424478751035584	1.9682020174275505	1.23432186490851	0.9513707893489453	0.6804043411978113	0.5468089995400282	5.2850499917832225	1.6830723903827844	4.698039896030927	2.3981912237272107	5.566833226551176	1.9468465584670538	3.1816607324640733
SRR14514254_1	75.27951543622903	9.002914462144334	2.4281349926617266	1.105360344971054	0.721637467581412	0.48095538627038914	0.33129443197520136	0.30054460503452257	0.2814544616652669	3.448156186368715	1.2402594364324901	2.6454435969209693	0.9308581176828239	1.5321064886280338	0.23500414173482373	0.03636044369906492
SRR14514254_2	48.82932157393214	17.84603447026981	7.3860247815822175	3.772921018107894	2.2643245618232637	1.5677814270835855	1.1388641130533574	0.9166215221007924	0.7324218490309545	5.578430255100153	1.2748491193379416	2.765564622477918	1.2935941737904777	2.415784914811465	0.744368824637367	1.473092772860574
SRR14514255_1	68.79170247581024	7.83943889636274	1.9237722768484111	0.8585470191757781	0.6032617405893613	0.4619121669822044	0.3752880342771927	0.2947643567598203	0.2898290739177757	3.911753447737115	1.8348672471259968	4.9600063500542575	2.142676522084546	3.751427619311374	1.08813238308767	0.8726203898757156
SRR14514255_2	46.53695041655394	16.111038738387574	6.57445702999199	3.0815497140983945	1.7134264631235325	1.088369352284772	0.8043066926632946	0.6164064461308316	0.5017924976912156	4.743805702199349	1.3872185171491467	3.4641018325414255	1.5551632718283597	4.059654895231961	1.834699720641618	5.927058709482496
SRR14514256_1	73.86069013310356	7.444755599417931	2.1900504769893208	1.1468879137390986	0.6938652776985612	0.549488602878952	0.43459375589296595	0.34640606315793526	0.3207841875066598	3.707501866994807	1.5807729064426093	3.4398934635798044	1.2861456111246097	2.142432510887277	0.37565130199206226	0.4800803285936484
SRR14514256_2	48.61649716723186	14.785400721748134	6.036933975503205	3.3147782076016576	2.162580282486295	1.5325258499661172	1.21769725861775	0.9970177420168082	0.7895493913470568	7.213981739348851	1.5963469047749388	3.145276612392825	1.5134030722538239	3.4045174439457306	1.2083587857559195	2.4651348450089596
SRR14514257_1	80.84860803718833	6.167512413356145	1.4310882321910978	0.7238981924278308	0.4669774843005823	0.3512191726010541	0.26937837390328706	0.2729029669589012	0.2181908000148717	3.255592234032988	1.3548918178866696	2.618646900872522	0.8279777328321999	0.9920178866451421	0.2010977547882677	0.0
SRR14514257_2	56.829950377753704	16.01865565525639	5.97170245842603	2.835228813842071	1.6820835330350201	1.1728205013517328	0.8553695601650343	0.6123944464490864	0.5015183724040401	4.058437877670397	1.0420490899533603	2.681480003624135	1.339366830940884	2.351708933209054	0.6556358019650256	1.3915977439540368
SRR14514258_1	75.8152642811483	9.760884358530188	2.2424269062925446	0.9390215051924309	0.5461820664691377	0.368164093670253	0.31582975216120845	0.25455056678865523	0.19213512231599758	2.791415358967709	1.1673820685315506	2.6985244041625447	1.0418338111680776	1.5584345252296123	0.278424010205829	0.029527169166146703
SRR14514258_2	45.01931381313191	19.438852730010026	9.074025891425585	4.385885453522681	2.4614341266075357	1.6975943843524928	1.1959148083310105	0.8866038185750196	0.7505900373457786	5.408552046125716	1.0841343596643638	2.1868075879213333	1.1144624853482596	2.248509080348156	0.9079705305158118	2.1393488467740736
SRR14514259_1	77.45789382724142	7.741369947127727	1.9212069386217532	0.9076926583950304	0.6335424110265752	0.44862689932386796	0.316094215838676	0.3106093069344012	0.23741683875656266	3.33469878841484	1.337119655022875	2.6664333477689404	0.8771856472383347	1.2157901620429983	0.23733581268849013	0.35698354355731315
SRR14514259_2	52.03302145871637	15.879454999437193	6.3646852729367485	3.4743040238509675	2.0806836568752396	1.455943310179068	1.0719948637688037	0.8476272913598331	0.6955008517121547	5.7230588216414375	1.208720790119805	2.6688728488815547	1.3051328849202837	2.698859502696297	1.0310303983761986	1.4611090245282083
SRR14514260_1	68.64307703640067	11.764054986361682	2.7752848219531145	1.1482403477677612	0.6997328092064586	0.4829129706141167	0.38170415492391047	0.31071036377610695	0.2796792264253773	3.4459879316420237	1.5619586548070228	3.50416358974422	1.5158023278596235	2.6244939698954246	0.6440754119059592	0.21812139671681155
SRR14514260_2	36.93304428504925	19.74612830557779	10.657892405128326	5.721579616735499	3.208209546065994	1.9341522861636289	1.2987701281338064	0.9875087187942025	0.6905587931459619	5.449810880663224	1.286174593772451	3.086219732482597	1.5025541056733012	2.9916834860427426	0.8953208883911302	3.610392228180179
SRR14514261_1	64.57209433652696	8.204711858558909	2.779136764442329	1.5750749000542459	1.0897180913638234	0.7906612939952044	0.6297007645727974	0.5109266544260348	0.38802788389704485	5.04155405567938	2.0209835952145117	4.781961873084252	1.9720802261483303	3.4417092998646495	0.916575638189499	1.2850827639818907
SRR14514261_2	41.713104911744416	13.304801933155291	5.77375629924447	3.2192084883866166	2.1962965773634973	1.6287656739034868	1.3227602164798644	1.0540815320384738	0.9254846546201826	9.376003620031995	2.3555639486689364	4.2738312570858605	1.8803260972666793	4.867854406625821	1.8510900293046892	4.257070354079958
SRR14514262_1	74.02661532815415	9.174352091321186	2.538521785125101	1.2883456876131465	0.8357201202126595	0.5961670213439076	0.46969383632812794	0.3749047621147335	0.30025838705771796	3.59471294693927	1.3402163587812126	2.8559633294159936	0.9019087893321658	1.4609582368392993	0.2416613194215943	0.0
SRR14514262_2	48.97014786813427	17.65703883821403	7.387154355971655	3.6354700020041735	2.1963232988161807	1.5319141321481593	1.0832339511742963	0.8378098473219434	0.6898971128928357	6.144305204149193	1.385845919253663	2.8805104793745517	1.2643455307925597	2.2010347134759445	0.7574270219933817	1.3775417242830295
SRR14514263_1	76.50863059546073	8.59868490664787	2.1646357072422617	1.0625498137589258	0.6145109819730875	0.43765442400622145	0.36200861187454586	0.30474816258921805	0.24338599025286184	3.0585338103670754	1.2582831993442547	2.7131968587595376	0.9520584186309272	1.346822965313389	0.29414174901898205	0.08015380476022996
SRR14514263_2	48.82157562199181	17.112100723477855	7.286228836698229	3.714133624913117	2.224145468057779	1.6204619610415683	1.1904692947377722	0.9236959267942506	0.7555595089675649	6.426618017594052	1.275388096506099	2.5587757020755655	1.2440449431159888	2.4233941866339195	0.7273790806008984	1.6960290067935937
SRR14514264_1	73.83070357599726	8.762479744303805	2.2085123580410695	1.010471802777179	0.6873342469247674	0.5374472810170967	0.41317197523698806	0.3049308997227636	0.26164136929816595	4.094657129925521	1.6092744842244329	3.36524970090354	1.1627150640769317	1.4486877983036426	0.2516816641299804	0.05104090511672956
SRR14514264_2	46.57240433410023	18.41159368241288	7.915835016627098	3.8269195342230105	2.166748389440042	1.4033878565684081	1.0654854137082819	0.8140725283659402	0.6516324173207838	5.703875355872274	1.555511829520685	3.2174814334711517	1.4422065946892249	2.774558739514356	0.9425578896080811	1.5357289845574622
SRR14514265_1	79.01555493967768	6.413318488352394	1.5801346178733244	0.8387729594247545	0.49905302744487634	0.38825155632159714	0.2994451515213875	0.25027222472627025	0.2116663559748105	3.153069698337574	1.2668022998783781	2.7886917370574613	1.0354434202367477	1.5452971492802465	0.5165818331055217	0.19764454078695762
SRR14514265_2	53.939698183649874	15.411317730324505	6.101859971935714	3.193884529304199	1.9666571478113692	1.3044383916329687	0.9611285863254387	0.7648495842950951	0.6167456312250577	4.946337089994751	1.1347980488079876	2.682566289761384	1.3702534734655762	2.740883001613205	1.0270914588555926	1.8374908809971422
SRR14514266_1	70.7952271551405	6.222053699308582	1.6679516684923574	0.9367172250172856	0.6069653876158252	0.40881410966914344	0.39481451792514116	0.32146763282376994	0.26918308352852766	3.844737761965167	1.7977321550059293	4.932837439975519	2.1032078312282225	4.312872269676343	1.090516069139863	0.29490199348780655
SRR14514266_2	49.84351570099385	14.245596632310214	5.137619852178402	2.6029938392995327	1.5829072966843538	1.1089491927685962	0.8634089914279478	0.6342998836559445	0.5558806447415241	5.273931706920312	1.537036031869035	3.6488141543144446	1.7295884926257568	3.860428042059049	1.4941738457574234	5.880855692393446
SRR14514267_1	68.2537369123724	5.6232343465781645	1.608601891494925	0.8832380453707198	0.6002451867050481	0.46423063338810094	0.3531720045767363	0.3502086516207549	0.3024573853709994	4.370849636928331	2.0454543851408618	6.058141994707805	2.674999995423773	5.2913441490714295	0.9479479450809231	0.17213683616895498
SRR14514267_2	48.750300058964605	12.919828824944155	4.655102454810344	2.32513481663544	1.4104162887597818	1.0809755580109486	0.7669521351822343	0.6003652531487375	0.5059220983677518	5.272282806787839	1.7580767826154005	4.147609444837752	2.0253010828136726	4.561730360258395	1.82053293167032	7.399469102192548
SRR14514268_1	78.83820592728495	7.599072394489902	1.9489566965202887	0.9421044543274906	0.5529956341490719	0.43360258711857896	0.352998640637646	0.24165042285721172	0.21945160526533072	2.9547102906335323	1.131880940587264	2.3378618121103845	0.8456192496422752	1.0953408435704908	0.22848519887944765	0.2770633019261533
SRR14514268_2	54.26461697837538	15.987753597139957	6.464877393777918	3.3110794365358602	1.9843293187758384	1.3454103884219961	0.9661617252982153	0.8071990738500149	0.6533271902532201	5.223683545928133	1.0875883099225998	2.373858943347016	1.1187853948734896	2.3789543229531445	0.5654835605762003	1.4668908199710124
SRR14514269_1	74.79140328989571	7.637721541710032	2.148198046865014	1.07818327030892	0.7944727448848927	0.5586810417927768	0.44241843900071476	0.3612889003498326	0.26573614493107967	4.278147176680472	1.5397411590342147	3.2652246093559314	1.264480928052609	1.4000917382168616	0.17421096892079388	0.0
SRR14514269_2	52.003179048923	16.32782643743502	6.257929010214272	3.0690499289543087	1.8191476740548735	1.2143985162260789	0.9194766891019126	0.7474436809100854	0.5898029696496211	5.574650379171334	1.5325518202910278	3.756740462333963	1.3032783082612904	2.5661956896288918	1.0379937188859854	1.2803356659583616
SRR14514270_1	65.25037432336752	7.23863560131885	2.4629687404169402	1.3678335920725064	0.9267507816632856	0.6786174417868295	0.5016619930258801	0.4562403449423468	0.3505581394610866	5.042015086286202	2.2121104738485853	5.227191058671197	2.0323574990958386	4.053785635771994	0.9008408640364477	1.2980584242344675
SRR14514270_2	42.528305157572696	12.324656232690069	5.44989115648137	3.0790186295342385	2.118223319046501	1.5924393029418524	1.2662997923860675	1.0157927960965862	0.8577182334349622	8.793856895000363	2.197511046863566	4.387642584603286	1.9412662177794748	5.347609723013534	1.8981278575150604	5.201641055040417
SRR14514271_1	69.88048945040624	6.332643614188401	1.822575363372984	0.9978439837931609	0.705785478539935	0.5189610491190237	0.39021535337685115	0.35791699809978506	0.3041246507614499	4.28386639914621	1.8719665677522523	5.025257894235813	2.191994167892097	3.6725921272809754	0.7961879662570167	0.8475789357779725
SRR14514271_2	50.298945344903004	13.316532724632513	4.897012462263203	2.525952611628022	1.530634420788284	1.1114490694701156	0.8669137017370342	0.6988208513953028	0.5911631956624257	5.846981761464117	1.7458797789516958	4.071954745052368	1.8277787322150745	4.133644774232684	1.4293367725213981	5.106999053082776
SRR14514272_1	57.33586667284677	7.326680620412332	2.163876095727502	1.1252203435596826	0.8306931346417462	0.5435233194369827	0.501056256827431	0.4336173715591938	0.3522007687050205	5.640500535877081	2.68502678386941	6.735109174067516	2.698609296868074	4.895175315110558	1.530105141468467	5.202739169022326
SRR14514272_2	37.25968998008064	13.194354535041034	5.75901627123024	2.810599678021469	1.6442722140072439	1.1730352204366639	0.871836615880712	0.6957691669777151	0.5384651750314564	6.190910594162472	2.0907671145299553	5.616591545880463	2.9085048163473735	8.241690712291497	2.6973268284219047	8.307169531659154
SRR14514273_1	62.739908545981535	5.570334115886749	1.866311491256868	1.0516435406822422	0.7659321054043092	0.5997536100998198	0.4773664661291523	0.4489097563121742	0.37571707120757786	5.749444054983596	2.7986994414143993	6.8287775390429895	2.643696617091086	5.096623240797811	1.3116883898810823	1.67519401382859
SRR14514273_2	45.95882112587867	11.500305618014336	3.999650867070881	2.1141027941661306	1.3332829006329756	0.9981525514960238	0.733837078006608	0.6393723579977327	0.48815410840468887	5.8547572565627135	2.1095900792960975	5.5103829762958965	2.7665423058243026	7.162641385424437	2.5597434771204353	6.270663117807997
SRR14514274_1	67.48820443794753	6.877484757300036	1.9437634695333261	1.1107606055415258	0.6652639075262882	0.49112812299431385	0.39966993461512945	0.3387186071113289	0.3066386354408634	4.021851214671648	1.8235146191496525	4.830998975848297	2.2663724410857378	4.664588087168457	1.033885987990532	1.737156196075365
SRR14514274_2	48.27368941535849	13.776443372402802	5.215015858305548	2.5782218307910245	1.6192309057124012	1.1909150080423725	0.8183544380933083	0.6571610353208854	0.5548902086456124	5.614237319719275	1.6665999277769719	3.868196061523271	1.877751348157096	4.310790441816983	1.6674670399859723	6.311035788348077
SRR14514275_1	73.5588854088172	7.614494407435386	1.6878797575021185	0.8130032722704433	0.5448446704102714	0.45873687260465873	0.34712170233825346	0.2795919537698079	0.23842539024111842	4.135920621309945	1.8109747203995972	4.309343381347071	1.907859626018071	2.143282152057859	0.14963606347805683	0.0
SRR14514275_2	50.85471832709286	18.12768251416276	6.77051471611956	2.8432595324052725	1.3863809495473143	0.8899136642679029	0.6208869362884071	0.47324801032426617	0.37494369041564896	4.071571516495276	1.478263571071886	3.6539235938512924	1.48619941164209	3.397155171390698	1.0878953200573755	2.4834430748671936
SRR14514276_1	71.23464910114258	6.154186249032052	1.8155284018863362	0.9366209597809679	0.7048224279305946	0.5406915814537989	0.4635938506806564	0.3955943782907688	0.30071143458392857	4.964776364575252	2.1962569116579034	5.076502194281531	2.010240188697518	2.809272491116598	0.3510431663947345	0.045510298494610094
SRR14514276_2	51.762092448719265	14.456565834382726	4.904050645103621	2.293175607760589	1.3682403037285111	0.9201556992236108	0.7089890039343776	0.6006674844642692	0.4525723814668166	5.234618235829448	1.7284463197275561	4.386241997612502	1.973701004688571	4.095321244891183	1.5063748901134095	3.6087868983535927
SRR14514277_1	79.8723127279767	7.46844970814219	1.7526182656463032	0.8658391570073855	0.5476416569354929	0.4287710858344829	0.3222277101078545	0.2458612106111549	0.2265693156873732	2.973563419486381	1.114390817809297	2.268036644505264	0.7159935680825685	1.0245462410602661	0.1731784711071432	0.0
SRR14514277_2	55.41414006420475	16.690804126580833	6.298692372796322	3.041496511977125	1.8694881327915773	1.2757949948062077	0.9728288941323114	0.7508754901447919	0.5663257906967675	4.753051138248857	1.0843459896923449	2.4095279005551835	1.0718748688196105	1.998017337884072	0.5066476723506705	1.2960887143186302
SRR14514278_1	70.96791146510765	6.680353357782215	1.8882128082543648	1.0791844323961601	0.6699311536198942	0.49473026560429045	0.43830555594231424	0.3072142218861226	0.3030825057906662	4.285623552897929	1.9769269061197767	4.942419154686816	1.9144080338590121	2.9984728622752765	0.6454303270418551	0.40779339673590986
SRR14514278_2	49.979391892925165	14.267030890150956	5.170513543478403	2.5223222757299912	1.6502555789692557	1.1245874860447185	0.8158629538614329	0.6811984157702119	0.5228699556275186	5.793787542780133	1.6507621257367557	3.950794521270668	1.9636656129031667	4.213281667005746	1.6070245517350206	4.086650986010585
SRR14514279_1	71.5480342924428	7.509582954730155	1.9589133830963117	1.0198262990473481	0.69997479609895	0.5201528637752031	0.44998944298781607	0.3947535726855991	0.3363549763578706	4.824616929742369	2.0065358240297515	4.430102454018639	1.5671333045849996	2.3121031857412744	0.3035558414215687	0.11836987923931137
SRR14514279_2	48.183925348368135	16.278874341937577	6.217358224568039	2.848334234632908	1.7198306269990522	1.183939395069033	0.8536300378538749	0.6467990265005387	0.5491416802977358	5.660792947247369	1.8860949470847437	4.3404919397595245	2.003768333907825	3.1943431686836	1.4330567541189132	2.9996189929710355
SRR14514280_1	58.81850277707029	11.088285901228643	2.915222630314113	1.2704055078666285	0.718579152310133	0.5446570551460767	0.46681995573809265	0.36899881101878834	0.30823177371947064	4.5819041673766385	2.0962472810402506	6.06742145849985	2.7826388504888047	5.7895564118787926	1.473740203454676	0.7087880628489135
SRR14514280_2	30.26657725840563	17.206832602583084	10.014622525403631	5.4629930525697015	3.016931809255862	1.7876219812411966	1.2037834337986402	0.8441109392658882	0.6325218378398043	6.0955543163954315	1.8841008466668627	4.464829983756588	2.078184185177171	4.712974629838032	2.1640957141626895	8.164264883639682
SRR14514281_1	67.8436626296364	6.68971554718964	2.016333497940591	1.0974199361081154	0.7359333209947458	0.5625663521557809	0.4521208654217876	0.40962594835916727	0.3085691942511701	4.620661764510055	2.0498282526919933	5.602452778400495	2.4762351992393397	4.201772507593306	0.6826983497004174	0.25040385580689584
SRR14514281_2	46.56383931711295	13.667253539692028	5.449107998777072	2.6679089078337372	1.7372193101195637	1.201301891817677	0.9287584759109582	0.7256436351111755	0.63657621514278	6.424696954340321	1.9044002288214816	4.299510436512579	1.9397159829228092	4.355929979983426	1.8133517191616482	5.684785406739752
SRR14514282_1	71.80444302869175	5.110697612510256	1.5804069487427832	0.9457242024378653	0.731345016269166	0.6047744928871784	0.49661753833017513	0.4429567686404825	0.39460664183427213	6.175528632091672	2.5711213548039438	6.034267273066035	1.5386690178193405	1.5688414718750525	0.0	0.0
SRR14514282_2	58.028150179344365	11.645668236682994	3.4363529997474407	1.5249554150213018	0.853398565462001	0.603292865087077	0.5211256275684016	0.4149646307222623	0.3577600940492197	5.341707583142195	2.376246250413889	5.418849255907566	1.9079941758490748	4.3166897517149545	1.4388702034308005	1.8139741658564565
SRR14514283_1	65.45382990006038	6.332338941892242	1.6401190234473495	0.9442553533275581	0.6201091424281802	0.46607764653988254	0.35911583264751706	0.3336320018075289	0.27293249803702846	4.5434317930300105	2.2076528068797603	6.036905040123586	2.700540311741086	5.739948210674287	1.1574262172884	1.1916852800752995
SRR14514283_2	44.96868874981952	13.875249020079503	5.156232118359435	2.5908608801436994	1.4588337170483012	1.1183785035218676	0.8248005974946437	0.6399534599124893	0.520269600371334	5.338668502744691	1.7449888719611344	4.255968754659705	2.1969018884714835	5.446263448525829	2.3115877971148078	7.552354089771601
SRR14514284_1	70.28315664700818	7.078584506759751	1.7063450907127384	0.8760786499631107	0.6009550937555933	0.4788344169811244	0.366261715980868	0.33454582471986993	0.3157965160189425	4.53148743778873	2.131825983188918	5.41766530820154	2.2942722303696703	3.349284115393759	0.23490646315703323	0.0
SRR14514284_2	48.49197889825131	16.745547521040486	6.464012099316925	2.7269782600685506	1.4472318401471225	0.92496571297469	0.6627435638301883	0.5146114972654724	0.3947696350452664	4.442718920723818	1.543464673776406	4.073228837362901	1.772482914930384	4.2108164299162265	1.7086788046323964	3.8757703907178658
SRR14514285_1	65.86640995209108	7.688123712982242	2.6278651816367242	1.4509049330494497	1.0119091126257687	0.7836347354137877	0.6033246433319951	0.4805604570609293	0.41935052464644323	5.090739678197233	1.9814145016277904	4.989287715411815	1.9536664243150093	3.5155554687479467	0.8917526970084876	0.6455002618534749
SRR14514285_2	43.358017636444735	12.249868833808872	5.190438448324426	3.045775213874421	2.054554052509898	1.6220226266868587	1.2336493560688824	1.0547666750862554	0.9210335099968455	9.447827247284641	2.4527302023856703	4.754042697581217	2.017754232611048	4.463143732726619	1.306267184458182	4.828108350151682
SRR14514286_1	70.33020323830797	9.31711840820617	2.2354682641334884	1.0033818862093449	0.6669703355633809	0.4780124905971088	0.4119913023949199	0.31347224582302563	0.28190083642355657	3.690208813786115	1.5987711426872067	3.981451769970085	1.8124945020130554	2.8608457497454465	0.5000892552701407	0.517619758868901
SRR14514286_2	42.8860906688962	18.961055209645792	8.74122011930246	4.078788041389956	2.2145780482899715	1.3924922843849359	0.9553464388775188	0.7200898417986648	0.5900369394216801	4.982706878699661	1.498865064981237	3.3012751487935454	1.4726248882800326	3.1898863744065213	1.2605106189830086	3.7544334338490524
SRR14514287_1	65.25094258269235	9.869371837477821	2.3753973197573948	1.0682576498434284	0.6505101115932591	0.4831575269888316	0.37482742851860734	0.3470603487745121	0.2564485661977945	3.961370974315133	1.8911454166439574	5.136047177101599	2.4239695613526617	4.85261071216902	0.6674469117739087	0.3914358747999101
SRR14514287_2	37.892954059790505	17.892735587812012	8.798597472252272	4.43653035209817	2.3330143159854506	1.3949550321226092	1.0406517567035896	0.7314410266169141	0.6385631771358617	5.6725805256876045	1.5953470122892646	3.976597791746591	1.6930856591569554	4.01853069216849	1.6183956755445872	6.266019862888977
