	21.0	22.0	23.0	24.0	25.0	26.0	27.0	28.0	29.0	30.0	31.0	32.0	33.0	34.0	35.0	36.0	37.0
SRR14514161_1	1.0	14.0	120.0	750.0	3686.0	13197.0	39407.0	92221.0	185386.0	319218.0	507299.0	756510.0	1166575.0	2057767.0	6734859.0	26345926.0	1332038.0
	20.0	21.0	22.0	23.0	24.0	25.0	26.0	27.0	28.0	29.0	30.0	31.0	32.0	33.0	34.0	35.0	36.0	37.0
SRR14514161_2	3.0	47.0	386.0	1899.0	6324.0	17399.0	38631.0	76712.0	133957.0	219987.0	336732.0	503481.0	732260.0	1117274.0	1921802.0	4636982.0	21457102.0	8353996.0
	22.0	23.0	24.0	25.0	26.0	27.0	28.0	29.0	30.0	31.0	32.0	33.0	34.0	35.0	36.0	37.0
SRR14514162_1	4.0	58.0	372.0	1844.0	7174.0	23089.0	57470.0	122114.0	215108.0	341806.0	501793.0	762558.0	1335473.0	4163739.0	17128738.0	686950.0
	21.0	22.0	23.0	24.0	25.0	26.0	27.0	28.0	29.0	30.0	31.0	32.0	33.0	34.0	35.0	36.0	37.0
SRR14514162_2	26.0	205.0	965.0	3325.0	9794.0	21786.0	44967.0	80634.0	136868.0	215521.0	331096.0	490985.0	752455.0	1300985.0	3215439.0	14648883.0	4094356.0
	20.0	21.0	22.0	23.0	24.0	25.0	26.0	27.0	28.0	29.0	30.0	31.0	32.0	33.0	34.0	35.0	36.0	37.0
SRR14514163_1	1.0	1.0	5.0	65.0	451.0	2099.0	8228.0	25751.0	63639.0	134680.0	236785.0	376199.0	558884.0	861076.0	1523925.0	4618713.0	21709262.0	964616.0
	21.0	22.0	23.0	24.0	25.0	26.0	27.0	28.0	29.0	30.0	31.0	32.0	33.0	34.0	35.0	36.0	37.0
SRR14514163_2	29.0	236.0	1240.0	4155.0	11457.0	24711.0	50582.0	89262.0	148936.0	234253.0	359025.0	528837.0	809412.0	1406237.0	3530731.0	18429932.0	5455345.0
	22.0	23.0	24.0	25.0	26.0	27.0	28.0	29.0	30.0	31.0	32.0	33.0	34.0	35.0	36.0	37.0
SRR14514164_1	7.0	47.0	297.0	1585.0	5885.0	18591.0	46080.0	96707.0	172911.0	279580.0	420311.0	652593.0	1145164.0	3390376.0	16208193.0	720318.0
	20.0	21.0	22.0	23.0	24.0	25.0	26.0	27.0	28.0	29.0	30.0	31.0	32.0	33.0	34.0	35.0	36.0	37.0
SRR14514164_2	5.0	38.0	199.0	1128.0	3581.0	10084.0	22137.0	44062.0	76127.0	125836.0	193844.0	293727.0	427700.0	651239.0	1128313.0	2801751.0	13702392.0	3676482.0
	22.0	23.0	24.0	25.0	26.0	27.0	28.0	29.0	30.0	31.0	32.0	33.0	34.0	35.0	36.0	37.0
SRR14514165_1	6.0	61.0	394.0	2050.0	7812.0	24580.0	62015.0	131496.0	234094.0	375653.0	564001.0	871578.0	1557334.0	4835970.0	20133077.0	796318.0
	21.0	22.0	23.0	24.0	25.0	26.0	27.0	28.0	29.0	30.0	31.0	32.0	33.0	34.0	35.0	36.0	37.0
SRR14514165_2	26.0	195.0	1035.0	3693.0	10561.0	24453.0	50512.0	90110.0	155061.0	244377.0	377262.0	561370.0	863611.0	1493996.0	3631762.0	17195278.0	4893137.0
	22.0	23.0	24.0	25.0	26.0	27.0	28.0	29.0	30.0	31.0	32.0	33.0	34.0	35.0	36.0	37.0
SRR14514166_1	3.0	24.0	155.0	644.0	2263.0	6703.0	15821.0	31541.0	53780.0	85156.0	125382.0	190616.0	323314.0	894783.0	3858482.0	164296.0
	20.0	21.0	22.0	23.0	24.0	25.0	26.0	27.0	28.0	29.0	30.0	31.0	32.0	33.0	34.0	35.0	36.0	37.0
SRR14514166_2	2.0	9.0	68.0	305.0	1084.0	2947.0	6324.0	12175.0	21163.0	34488.0	53177.0	79799.0	116332.0	176952.0	303182.0	726337.0	3349726.0	868893.0
	22.0	23.0	24.0	25.0	26.0	27.0	28.0	29.0	30.0	31.0	32.0	33.0	34.0	35.0	36.0	37.0
SRR14514167_1	4.0	70.0	415.0	2092.0	7748.0	24834.0	61736.0	131439.0	237245.0	386586.0	592716.0	939325.0	1686718.0	5095803.0	22472574.0	952486.0
	20.0	21.0	22.0	23.0	24.0	25.0	26.0	27.0	28.0	29.0	30.0	31.0	32.0	33.0	34.0	35.0	36.0	37.0
SRR14514167_2	2.0	38.0	319.0	1658.0	5643.0	15989.0	35268.0	70403.0	123227.0	204507.0	314797.0	476282.0	699811.0	1068597.0	1843193.0	4385494.0	18614383.0	4732180.0
	22.0	23.0	24.0	25.0	26.0	27.0	28.0	29.0	30.0	31.0	32.0	33.0	34.0	35.0	36.0	37.0
SRR14514168_1	3.0	44.0	273.0	1414.0	5362.0	16855.0	42279.0	89114.0	157541.0	250070.0	369521.0	562905.0	989811.0	3119486.0	13728777.0	568800.0
	21.0	22.0	23.0	24.0	25.0	26.0	27.0	28.0	29.0	30.0	31.0	32.0	33.0	34.0	35.0	36.0	37.0
SRR14514168_2	18.0	148.0	674.0	2285.0	6528.0	14478.0	29913.0	54622.0	93306.0	149752.0	232323.0	346635.0	534081.0	929175.0	2308763.0	11756800.0	3442754.0
	22.0	23.0	24.0	25.0	26.0	27.0	28.0	29.0	30.0	31.0	32.0	33.0	34.0	35.0	36.0	37.0
SRR14514169_1	5.0	66.0	372.0	1831.0	7149.0	22707.0	56837.0	119112.0	208912.0	333129.0	490260.0	745376.0	1311087.0	4199700.0	18557959.0	767386.0
	20.0	21.0	22.0	23.0	24.0	25.0	26.0	27.0	28.0	29.0	30.0	31.0	32.0	33.0	34.0	35.0	36.0	37.0
SRR14514169_2	1.0	24.0	172.0	900.0	2991.0	8648.0	19667.0	40651.0	74265.0	126790.0	200829.0	311866.0	463200.0	713026.0	1242016.0	3112127.0	15655672.0	4849043.0
	21.0	22.0	23.0	24.0	25.0	26.0	27.0	28.0	29.0	30.0	31.0	32.0	33.0	34.0	35.0	36.0	37.0
SRR14514170_1	1.0	6.0	107.0	605.0	3191.0	12102.0	37372.0	91957.0	190862.0	336163.0	533470.0	795159.0	1222872.0	2167285.0	6717694.0	30937527.0	1295609.0
	20.0	21.0	22.0	23.0	24.0	25.0	26.0	27.0	28.0	29.0	30.0	31.0	32.0	33.0	34.0	35.0	36.0	37.0
SRR14514170_2	4.0	47.0	316.0	1622.0	5474.0	15348.0	35022.0	70297.0	126175.0	211160.0	330908.0	507809.0	756592.0	1159538.0	2038061.0	5194870.0	26331745.0	7556994.0
	22.0	23.0	24.0	25.0	26.0	27.0	28.0	29.0	30.0	31.0	32.0	33.0	34.0	35.0	36.0	37.0
SRR14514171_1	10.0	67.0	445.0	2085.0	7571.0	23840.0	59886.0	127146.0	226764.0	366757.0	554138.0	864821.0	1546434.0	4632012.0	18938862.0	690988.0
	20.0	21.0	22.0	23.0	24.0	25.0	26.0	27.0	28.0	29.0	30.0	31.0	32.0	33.0	34.0	35.0	36.0	37.0
SRR14514171_2	1.0	62.0	316.0	1624.0	5544.0	15481.0	34976.0	69576.0	123697.0	205222.0	314537.0	475504.0	693748.0	1053077.0	1806921.0	4204604.0	15771310.0	3265626.0
	22.0	23.0	24.0	25.0	26.0	27.0	28.0	29.0	30.0	31.0	32.0	33.0	34.0	35.0	36.0	37.0
SRR14514172_1	4.0	52.0	261.0	1351.0	5235.0	16572.0	42035.0	88740.0	156917.0	251232.0	372769.0	568696.0	999324.0	3117640.0	13806939.0	553315.0
	20.0	21.0	22.0	23.0	24.0	25.0	26.0	27.0	28.0	29.0	30.0	31.0	32.0	33.0	34.0	35.0	36.0	37.0
SRR14514172_2	1.0	20.0	155.0	793.0	2668.0	7503.0	17042.0	34599.0	62727.0	106481.0	169262.0	259778.0	384148.0	585198.0	1009893.0	2458712.0	11666061.0	3216041.0
	22.0	23.0	24.0	25.0	26.0	27.0	28.0	29.0	30.0	31.0	32.0	33.0	34.0	35.0	36.0	37.0
SRR14514173_1	3.0	66.0	348.0	1781.0	6923.0	21609.0	54531.0	115545.0	203533.0	318600.0	465420.0	707461.0	1240236.0	3718946.0	18197112.0	809349.0
	20.0	21.0	22.0	23.0	24.0	25.0	26.0	27.0	28.0	29.0	30.0	31.0	32.0	33.0	34.0	35.0	36.0	37.0
SRR14514173_2	3.0	17.0	169.0	887.0	2982.0	8176.0	18341.0	37374.0	67554.0	114382.0	182201.0	282400.0	421073.0	640118.0	1109763.0	2801816.0	15586401.0	4587806.0
	22.0	23.0	24.0	25.0	26.0	27.0	28.0	29.0	30.0	31.0	32.0	33.0	34.0	35.0	36.0	37.0
SRR14514174_1	4.0	46.0	303.0	1680.0	7035.0	21911.0	55311.0	116239.0	206835.0	329591.0	489399.0	741738.0	1302727.0	4332690.0	19518698.0	895389.0
	20.0	21.0	22.0	23.0	24.0	25.0	26.0	27.0	28.0	29.0	30.0	31.0	32.0	33.0	34.0	35.0	36.0	37.0
SRR14514174_2	2.0	24.0	180.0	955.0	3142.0	9148.0	20552.0	42325.0	75638.0	129801.0	206172.0	318737.0	475580.0	733873.0	1278463.0	3226847.0	16277923.0	5220234.0
	21.0	22.0	23.0	24.0	25.0	26.0	27.0	28.0	29.0	30.0	31.0	32.0	33.0	34.0	35.0	36.0	37.0
SRR14514175_1	1.0	6.0	55.0	314.0	1556.0	6001.0	18970.0	48846.0	104689.0	188249.0	305142.0	462923.0	725051.0	1291114.0	3876804.0	17715028.0	802336.0
	19.0	20.0	21.0	22.0	23.0	24.0	25.0	26.0	27.0	28.0	29.0	30.0	31.0	32.0	33.0	34.0	35.0	36.0	37.0
SRR14514175_2	1.0	1.0	32.0	167.0	965.0	3380.0	9752.0	21646.0	44254.0	78397.0	131638.0	208425.0	318508.0	471141.0	721271.0	1241996.0	3008692.0	14921249.0	4365570.0
	22.0	23.0	24.0	25.0	26.0	27.0	28.0	29.0	30.0	31.0	32.0	33.0	34.0	35.0	36.0	37.0
SRR14514176_1	6.0	60.0	398.0	1904.0	7025.0	22065.0	54329.0	113957.0	203817.0	330775.0	505045.0	793057.0	1415318.0	4125619.0	17751876.0	751084.0
	20.0	21.0	22.0	23.0	24.0	25.0	26.0	27.0	28.0	29.0	30.0	31.0	32.0	33.0	34.0	35.0	36.0	37.0
SRR14514176_2	5.0	42.0	306.0	1497.0	5032.0	14256.0	31114.0	61283.0	107045.0	174887.0	267758.0	402846.0	585428.0	889235.0	1508726.0	3482880.0	14712944.0	3831051.0
	21.0	22.0	23.0	24.0	25.0	26.0	27.0	28.0	29.0	30.0	31.0	32.0	33.0	34.0	35.0	36.0	37.0
SRR14514177_1	2.0	12.0	57.0	353.0	1771.0	6460.0	19334.0	46582.0	97309.0	171982.0	283664.0	438454.0	699557.0	1265006.0	3705571.0	15273827.0	661395.0
	20.0	21.0	22.0	23.0	24.0	25.0	26.0	27.0	28.0	29.0	30.0	31.0	32.0	33.0	34.0	35.0	36.0	37.0
SRR14514177_2	4.0	31.0	264.0	1329.0	4497.0	12514.0	28010.0	55204.0	95747.0	156962.0	239995.0	361709.0	534041.0	821078.0	1418728.0	3273901.0	12603358.0	3063964.0
	22.0	23.0	24.0	25.0	26.0	27.0	28.0	29.0	30.0	31.0	32.0	33.0	34.0	35.0	36.0	37.0
SRR14514178_1	4.0	66.0	405.0	1891.0	7297.0	22281.0	54387.0	113454.0	200120.0	320738.0	480648.0	738163.0	1306197.0	4032239.0	17591127.0	692118.0
	20.0	21.0	22.0	23.0	24.0	25.0	26.0	27.0	28.0	29.0	30.0	31.0	32.0	33.0	34.0	35.0	36.0	37.0
SRR14514178_2	2.0	21.0	185.0	1039.0	3508.0	10071.0	22464.0	45187.0	79971.0	135843.0	211073.0	324166.0	479187.0	727422.0	1246425.0	3003753.0	15018611.0	4252207.0
	22.0	23.0	24.0	25.0	26.0	27.0	28.0	29.0	30.0	31.0	32.0	33.0	34.0	35.0	36.0	37.0
SRR14514179_1	8.0	70.0	508.0	2520.0	9394.0	30763.0	76252.0	162087.0	287062.0	458767.0	677477.0	1031427.0	1791617.0	5568785.0	24676900.0	1028341.0
	20.0	21.0	22.0	23.0	24.0	25.0	26.0	27.0	28.0	29.0	30.0	31.0	32.0	33.0	34.0	35.0	36.0	37.0
SRR14514179_2	3.0	43.0	260.0	1382.0	4617.0	12833.0	29210.0	59516.0	107209.0	182703.0	291215.0	449593.0	664963.0	1013497.0	1745231.0	4258678.0	20727810.0	6253215.0
	22.0	23.0	24.0	25.0	26.0	27.0	28.0	29.0	30.0	31.0	32.0	33.0	34.0	35.0	36.0	37.0
SRR14514180_1	3.0	57.0	289.0	1666.0	6041.0	19375.0	47163.0	99043.0	174085.0	280951.0	421976.0	653928.0	1169693.0	3555560.0	15811683.0	657193.0
	19.0	20.0	21.0	22.0	23.0	24.0	25.0	26.0	27.0	28.0	29.0	30.0	31.0	32.0	33.0	34.0	35.0	36.0	37.0
SRR14514180_2	1.0	2.0	31.0	178.0	964.0	3160.0	9084.0	20307.0	40484.0	71931.0	119331.0	185077.0	281554.0	417123.0	640322.0	1119260.0	2782179.0	13448450.0	3759268.0
	21.0	22.0	23.0	24.0	25.0	26.0	27.0	28.0	29.0	30.0	31.0	32.0	33.0	34.0	35.0	36.0	37.0
SRR14514181_1	1.0	7.0	67.0	443.0	2213.0	7961.0	25903.0	64799.0	138455.0	243163.0	386914.0	572682.0	877191.0	1515613.0	4492251.0	22000388.0	1012000.0
	20.0	21.0	22.0	23.0	24.0	25.0	26.0	27.0	28.0	29.0	30.0	31.0	32.0	33.0	34.0	35.0	36.0	37.0
SRR14514181_2	1.0	30.0	211.0	1095.0	3709.0	10317.0	22808.0	46407.0	83385.0	140591.0	223701.0	344834.0	509784.0	776056.0	1331205.0	3272824.0	18484892.0	6088201.0
	22.0	23.0	24.0	25.0	26.0	27.0	28.0	29.0	30.0	31.0	32.0	33.0	34.0	35.0	36.0	37.0
SRR14514182_1	10.0	103.0	736.0	3603.0	14116.0	44943.0	111626.0	234186.0	415865.0	664322.0	989986.0	1526624.0	2708818.0	8492297.0	39099042.0	1673201.0
	20.0	21.0	22.0	23.0	24.0	25.0	26.0	27.0	28.0	29.0	30.0	31.0	32.0	33.0	34.0	35.0	36.0	37.0
SRR14514182_2	6.0	52.0	356.0	1851.0	6531.0	18361.0	41681.0	84774.0	152221.0	259118.0	407418.0	627400.0	930728.0	1424964.0	2492142.0	6347841.0	33251533.0	9932501.0
	21.0	22.0	23.0	24.0	25.0	26.0	27.0	28.0	29.0	30.0	31.0	32.0	33.0	34.0	35.0	36.0	37.0
SRR14514183_1	1.0	10.0	71.0	430.0	2068.0	7691.0	23278.0	57705.0	119844.0	210398.0	336299.0	500931.0	769297.0	1347634.0	4061432.0	16977795.0	624494.0
	20.0	21.0	22.0	23.0	24.0	25.0	26.0	27.0	28.0	29.0	30.0	31.0	32.0	33.0	34.0	35.0	36.0	37.0
SRR14514183_2	1.0	26.0	257.0	1174.0	3892.0	11105.0	24644.0	49945.0	89154.0	149371.0	233967.0	357160.0	526733.0	804807.0	1395410.0	3367960.0	14473774.0	3549998.0
	21.0	22.0	23.0	24.0	25.0	26.0	27.0	28.0	29.0	30.0	31.0	32.0	33.0	34.0	35.0	36.0	37.0
SRR14514184_1	1.0	4.0	73.0	475.0	2433.0	9218.0	29107.0	71816.0	149714.0	266315.0	429098.0	645453.0	1002159.0	1779810.0	5396852.0	20836185.0	790144.0
	20.0	21.0	22.0	23.0	24.0	25.0	26.0	27.0	28.0	29.0	30.0	31.0	32.0	33.0	34.0	35.0	36.0	37.0
SRR14514184_2	3.0	28.0	187.0	1114.0	3877.0	11041.0	24209.0	49955.0	90252.0	154060.0	246202.0	384732.0	577635.0	895379.0	1572960.0	3897533.0	18551158.0	4948532.0
	21.0	22.0	23.0	24.0	25.0	26.0	27.0	28.0	29.0	30.0	31.0	32.0	33.0	34.0	35.0	36.0	37.0
SRR14514185_1	1.0	6.0	45.0	274.0	1295.0	4960.0	15705.0	38675.0	83023.0	152009.0	252475.0	389628.0	624602.0	1139780.0	3509958.0	14942550.0	647611.0
	20.0	21.0	22.0	23.0	24.0	25.0	26.0	27.0	28.0	29.0	30.0	31.0	32.0	33.0	34.0	35.0	36.0	37.0
SRR14514185_2	2.0	38.0	197.0	1010.0	3486.0	9997.0	22631.0	45826.0	81199.0	135956.0	210734.0	320839.0	473404.0	732126.0	1285363.0	3134004.0	12529319.0	2816466.0
	21.0	22.0	23.0	24.0	25.0	26.0	27.0	28.0	29.0	30.0	31.0	32.0	33.0	34.0	35.0	36.0	37.0
SRR14514186_1	2.0	8.0	46.0	348.0	1640.0	6142.0	18688.0	46212.0	95560.0	167072.0	266695.0	396353.0	608593.0	1071531.0	3280515.0	13650273.0	514355.0
	21.0	22.0	23.0	24.0	25.0	26.0	27.0	28.0	29.0	30.0	31.0	32.0	33.0	34.0	35.0	36.0	37.0
SRR14514186_2	18.0	171.0	869.0	2712.0	7835.0	17475.0	35818.0	63939.0	109244.0	171711.0	262210.0	387892.0	592943.0	1027447.0	2521986.0	11808285.0	3113478.0
	22.0	23.0	24.0	25.0	26.0	27.0	28.0	29.0	30.0	31.0	32.0	33.0	34.0	35.0	36.0	37.0
SRR14514187_1	9.0	34.0	255.0	1251.0	4973.0	16234.0	41322.0	86004.0	149651.0	236689.0	354654.0	548047.0	976506.0	2956793.0	11881900.0	440032.0
	20.0	21.0	22.0	23.0	24.0	25.0	26.0	27.0	28.0	29.0	30.0	31.0	32.0	33.0	34.0	35.0	36.0	37.0
SRR14514187_2	1.0	11.0	91.0	469.0	1658.0	5009.0	11526.0	24391.0	45261.0	80481.0	130602.0	207768.0	317567.0	494851.0	882045.0	2214298.0	10635541.0	2642784.0
	22.0	23.0	24.0	25.0	26.0	27.0	28.0	29.0	30.0	31.0	32.0	33.0	34.0	35.0	36.0	37.0
SRR14514188_1	3.0	57.0	294.0	1631.0	5780.0	18322.0	45455.0	95782.0	171239.0	279980.0	426049.0	665737.0	1178338.0	3469894.0	15357703.0	648216.0
	20.0	21.0	22.0	23.0	24.0	25.0	26.0	27.0	28.0	29.0	30.0	31.0	32.0	33.0	34.0	35.0	36.0	37.0
SRR14514188_2	2.0	42.0	245.0	1268.0	4290.0	12197.0	26921.0	53604.0	93850.0	154953.0	236700.0	354642.0	514887.0	773520.0	1306255.0	3008427.0	12664483.0	3158194.0
	22.0	23.0	24.0	25.0	26.0	27.0	28.0	29.0	30.0	31.0	32.0	33.0	34.0	35.0	36.0	37.0
SRR14514189_1	11.0	81.0	548.0	2708.0	9761.0	29928.0	69978.0	141178.0	240563.0	377092.0	548639.0	833944.0	1488225.0	5232787.0	19415756.0	999135.0
	21.0	22.0	23.0	24.0	25.0	26.0	27.0	28.0	29.0	30.0	31.0	32.0	33.0	34.0	35.0	36.0	37.0
SRR14514189_2	43.0	218.0	1230.0	4101.0	10785.0	24028.0	47448.0	84015.0	140234.0	218024.0	332823.0	489069.0	754850.0	1316061.0	3332801.0	15942904.0	6691700.0
	22.0	23.0	24.0	25.0	26.0	27.0	28.0	29.0	30.0	31.0	32.0	33.0	34.0	35.0	36.0	37.0
SRR14514190_1	7.0	53.0	272.0	1430.0	5336.0	16932.0	42654.0	89192.0	159945.0	258784.0	387436.0	598705.0	1059656.0	3192282.0	13346831.0	518572.0
	21.0	22.0	23.0	24.0	25.0	26.0	27.0	28.0	29.0	30.0	31.0	32.0	33.0	34.0	35.0	36.0	37.0
SRR14514190_2	10.0	149.0	806.0	2744.0	7827.0	17763.0	36272.0	64824.0	108468.0	170303.0	262279.0	389372.0	594034.0	1016928.0	2440999.0	11448416.0	3116893.0
	22.0	23.0	24.0	25.0	26.0	27.0	28.0	29.0	30.0	31.0	32.0	33.0	34.0	35.0	36.0	37.0
SRR14514191_1	13.0	82.0	527.0	2400.0	9279.0	29397.0	72666.0	151109.0	264666.0	419930.0	623091.0	957400.0	1699097.0	5240090.0	20493061.0	801121.0
	20.0	21.0	22.0	23.0	24.0	25.0	26.0	27.0	28.0	29.0	30.0	31.0	32.0	33.0	34.0	35.0	36.0	37.0
SRR14514191_2	2.0	24.0	160.0	925.0	3255.0	9115.0	20754.0	42977.0	79015.0	136636.0	220320.0	346078.0	523687.0	822878.0	1460687.0	3668884.0	18017260.0	5411272.0
	21.0	22.0	23.0	24.0	25.0	26.0	27.0	28.0	29.0	30.0	31.0	32.0	33.0	34.0	35.0	36.0	37.0
SRR14514192_1	1.0	14.0	100.0	655.0	3454.0	12597.0	38914.0	94932.0	198559.0	349053.0	557902.0	824655.0	1259550.0	2207160.0	6809812.0	29039378.0	1148466.0
	20.0	21.0	22.0	23.0	24.0	25.0	26.0	27.0	28.0	29.0	30.0	31.0	32.0	33.0	34.0	35.0	36.0	37.0
SRR14514192_2	4.0	49.0	355.0	1675.0	6022.0	16623.0	37363.0	75710.0	135912.0	228230.0	359777.0	551869.0	816541.0	1253685.0	2176416.0	5368867.0	24655468.0	6860636.0
	21.0	22.0	23.0	24.0	25.0	26.0	27.0	28.0	29.0	30.0	31.0	32.0	33.0	34.0	35.0	36.0	37.0
SRR14514193_1	1.0	8.0	89.0	546.0	2552.0	9133.0	29205.0	71690.0	151443.0	266496.0	426694.0	631782.0	964852.0	1697500.0	5210779.0	22549044.0	884621.0
	19.0	20.0	21.0	22.0	23.0	24.0	25.0	26.0	27.0	28.0	29.0	30.0	31.0	32.0	33.0	34.0	35.0	36.0	37.0
SRR14514193_2	1.0	4.0	53.0	326.0	1637.0	5532.0	15394.0	34950.0	69726.0	123395.0	206536.0	320891.0	485764.0	711965.0	1083657.0	1870490.0	4535461.0	18821593.0	4609060.0
	22.0	23.0	24.0	25.0	26.0	27.0	28.0	29.0	30.0	31.0	32.0	33.0	34.0	35.0	36.0	37.0
SRR14514194_1	3.0	61.0	254.0	1445.0	5595.0	18064.0	47331.0	101022.0	178407.0	284763.0	424039.0	655966.0	1158768.0	3496084.0	16732380.0	743908.0
	20.0	21.0	22.0	23.0	24.0	25.0	26.0	27.0	28.0	29.0	30.0	31.0	32.0	33.0	34.0	35.0	36.0	37.0
SRR14514194_2	2.0	27.0	177.0	955.0	3251.0	8941.0	20261.0	41293.0	72737.0	122530.0	192095.0	294293.0	436741.0	662850.0	1147360.0	2833948.0	14092888.0	3917741.0
	22.0	23.0	24.0	25.0	26.0	27.0	28.0	29.0	30.0	31.0	32.0	33.0	34.0	35.0	36.0	37.0
SRR14514195_1	5.0	54.0	319.0	1589.0	6038.0	18490.0	46048.0	96914.0	172350.0	276480.0	414941.0	647863.0	1143820.0	3394564.0	14305987.0	557283.0
	19.0	20.0	21.0	22.0	23.0	24.0	25.0	26.0	27.0	28.0	29.0	30.0	31.0	32.0	33.0	34.0	35.0	36.0	37.0
SRR14514195_2	1.0	1.0	29.0	210.0	1011.0	3397.0	9536.0	21243.0	43136.0	76698.0	128873.0	202173.0	306435.0	448824.0	678400.0	1149078.0	2679442.0	12115767.0	3218491.0
	22.0	23.0	24.0	25.0	26.0	27.0	28.0	29.0	30.0	31.0	32.0	33.0	34.0	35.0	36.0	37.0
SRR14514196_1	1.0	21.0	127.0	570.0	2280.0	6835.0	16257.0	33590.0	59143.0	93929.0	140262.0	215585.0	374065.0	1113321.0	4560806.0	198369.0
	20.0	21.0	22.0	23.0	24.0	25.0	26.0	27.0	28.0	29.0	30.0	31.0	32.0	33.0	34.0	35.0	36.0	37.0
SRR14514196_2	1.0	5.0	59.0	307.0	1054.0	2681.0	6062.0	12012.0	21340.0	35520.0	56059.0	85562.0	126993.0	196002.0	340241.0	835076.0	3923707.0	1172480.0
	22.0	23.0	24.0	25.0	26.0	27.0	28.0	29.0	30.0	31.0	32.0	33.0	34.0	35.0	36.0	37.0
SRR14514197_1	5.0	53.0	376.0	1898.0	7114.0	21741.0	54180.0	113377.0	197322.0	310970.0	456595.0	691408.0	1195439.0	3641255.0	16384657.0	672835.0
	20.0	21.0	22.0	23.0	24.0	25.0	26.0	27.0	28.0	29.0	30.0	31.0	32.0	33.0	34.0	35.0	36.0	37.0
SRR14514197_2	1.0	32.0	192.0	1008.0	3359.0	9361.0	20844.0	42754.0	76863.0	131278.0	207494.0	317321.0	468159.0	708893.0	1211344.0	2973602.0	13817901.0	3758819.0
	22.0	23.0	24.0	25.0	26.0	27.0	28.0	29.0	30.0	31.0	32.0	33.0	34.0	35.0	36.0	37.0
SRR14514198_1	4.0	33.0	215.0	1156.0	4343.0	14047.0	36117.0	75143.0	135640.0	217664.0	319695.0	485302.0	844960.0	2598507.0	11796715.0	476815.0
	21.0	22.0	23.0	24.0	25.0	26.0	27.0	28.0	29.0	30.0	31.0	32.0	33.0	34.0	35.0	36.0	37.0
SRR14514198_2	13.0	84.0	506.0	1736.0	4867.0	11254.0	23713.0	42955.0	75205.0	122849.0	192322.0	290759.0	448144.0	783267.0	1964530.0	10206839.0	2837313.0
	22.0	23.0	24.0	25.0	26.0	27.0	28.0	29.0	30.0	31.0	32.0	33.0	34.0	35.0	36.0	37.0
SRR14514199_1	5.0	50.0	305.0	1527.0	5904.0	18326.0	46281.0	99355.0	177853.0	287381.0	431781.0	668804.0	1185340.0	3637414.0	15131351.0	569769.0
	20.0	21.0	22.0	23.0	24.0	25.0	26.0	27.0	28.0	29.0	30.0	31.0	32.0	33.0	34.0	35.0	36.0	37.0
SRR14514199_2	3.0	26.0	203.0	1087.0	3613.0	10762.0	23499.0	48877.0	86725.0	146497.0	228877.0	346499.0	508798.0	769430.0	1310946.0	3081589.0	12666795.0	3027220.0
	22.0	23.0	24.0	25.0	26.0	27.0	28.0	29.0	30.0	31.0	32.0	33.0	34.0	35.0	36.0	37.0
SRR14514200_1	10.0	58.0	403.0	2146.0	8406.0	26720.0	66409.0	139331.0	247000.0	396018.0	585551.0	891142.0	1554079.0	4838675.0	20367061.0	806218.0
	21.0	22.0	23.0	24.0	25.0	26.0	27.0	28.0	29.0	30.0	31.0	32.0	33.0	34.0	35.0	36.0	37.0
SRR14514200_2	30.0	234.0	1084.0	3651.0	10427.0	23800.0	49013.0	88692.0	152196.0	242155.0	375618.0	557833.0	854290.0	1481567.0	3658431.0	17407988.0	5022218.0
	21.0	22.0	23.0	24.0	25.0	26.0	27.0	28.0	29.0	30.0	31.0	32.0	33.0	34.0	35.0	36.0	37.0
SRR14514201_1	1.0	7.0	55.0	303.0	1791.0	6658.0	21167.0	52975.0	113584.0	202488.0	324606.0	488313.0	759162.0	1350209.0	4113670.0	19360687.0	843939.0
	21.0	22.0	23.0	24.0	25.0	26.0	27.0	28.0	29.0	30.0	31.0	32.0	33.0	34.0	35.0	36.0	37.0
SRR14514201_2	22.0	174.0	990.0	3419.0	9870.0	22246.0	45648.0	82092.0	138428.0	218573.0	335333.0	497692.0	767232.0	1343597.0	3395628.0	16431396.0	4347275.0
	22.0	23.0	24.0	25.0	26.0	27.0	28.0	29.0	30.0	31.0	32.0	33.0	34.0	35.0	36.0	37.0
SRR14514202_1	4.0	52.0	301.0	1568.0	5821.0	18326.0	45389.0	96340.0	171060.0	277277.0	414725.0	639096.0	1135993.0	3528031.0	16935498.0	749149.0
	20.0	21.0	22.0	23.0	24.0	25.0	26.0	27.0	28.0	29.0	30.0	31.0	32.0	33.0	34.0	35.0	36.0	37.0
SRR14514202_2	2.0	21.0	191.0	877.0	3007.0	8379.0	18860.0	38416.0	68311.0	116071.0	181737.0	279780.0	412567.0	632091.0	1100595.0	2786619.0	14221452.0	4149654.0
	21.0	22.0	23.0	24.0	25.0	26.0	27.0	28.0	29.0	30.0	31.0	32.0	33.0	34.0	35.0	36.0	37.0
SRR14514203_1	1.0	7.0	73.0	516.0	2643.0	9581.0	29813.0	74103.0	154068.0	269933.0	428061.0	635642.0	976785.0	1733819.0	5693991.0	28273852.0	1353752.0
	20.0	21.0	22.0	23.0	24.0	25.0	26.0	27.0	28.0	29.0	30.0	31.0	32.0	33.0	34.0	35.0	36.0	37.0
SRR14514203_2	3.0	44.0	220.0	1155.0	4145.0	11566.0	25777.0	51989.0	92692.0	157802.0	248776.0	383398.0	568747.0	864784.0	1466955.0	3633111.0	23090306.0	9035170.0
	22.0	23.0	24.0	25.0	26.0	27.0	28.0	29.0	30.0	31.0	32.0	33.0	34.0	35.0	36.0	37.0
SRR14514204_1	6.0	56.0	348.0	1731.0	6716.0	21293.0	53794.0	115338.0	207637.0	335883.0	503758.0	776337.0	1355769.0	4090558.0	17506206.0	712719.0
	20.0	21.0	22.0	23.0	24.0	25.0	26.0	27.0	28.0	29.0	30.0	31.0	32.0	33.0	34.0	35.0	36.0	37.0
SRR14514204_2	1.0	30.0	243.0	1244.0	3963.0	11157.0	25123.0	50916.0	91230.0	153788.0	238660.0	365179.0	538588.0	824644.0	1416051.0	3382571.0	14680634.0	3904127.0
	22.0	23.0	24.0	25.0	26.0	27.0	28.0	29.0	30.0	31.0	32.0	33.0	34.0	35.0	36.0	37.0
SRR14514205_1	11.0	76.0	499.0	2570.0	9800.0	30797.0	77574.0	163989.0	290675.0	467913.0	696057.0	1064114.0	1824021.0	5489561.0	27042647.0	1277026.0
	20.0	21.0	22.0	23.0	24.0	25.0	26.0	27.0	28.0	29.0	30.0	31.0	32.0	33.0	34.0	35.0	36.0	37.0
SRR14514205_2	4.0	53.0	296.0	1417.0	4876.0	13743.0	30288.0	60696.0	107414.0	179752.0	282010.0	430275.0	633911.0	967537.0	1674462.0	4218060.0	22660831.0	7171705.0
	22.0	23.0	24.0	25.0	26.0	27.0	28.0	29.0	30.0	31.0	32.0	33.0	34.0	35.0	36.0	37.0
SRR14514206_1	5.0	42.0	270.0	1225.0	5072.0	15849.0	40087.0	85706.0	155962.0	257581.0	396651.0	625024.0	1114736.0	3311118.0	13736313.0	533435.0
	21.0	22.0	23.0	24.0	25.0	26.0	27.0	28.0	29.0	30.0	31.0	32.0	33.0	34.0	35.0	36.0	37.0
SRR14514206_2	44.0	266.0	1169.0	3934.0	11137.0	24738.0	49894.0	87209.0	144119.0	221797.0	337288.0	495823.0	758787.0	1298272.0	3001016.0	11425716.0	2417867.0
	22.0	23.0	24.0	25.0	26.0	27.0	28.0	29.0	30.0	31.0	32.0	33.0	34.0	35.0	36.0	37.0
SRR14514207_1	15.0	105.0	554.0	2662.0	10232.0	32462.0	79775.0	165871.0	290439.0	455884.0	667996.0	1016093.0	1772231.0	5367152.0	26324813.0	1191963.0
	20.0	21.0	22.0	23.0	24.0	25.0	26.0	27.0	28.0	29.0	30.0	31.0	32.0	33.0	34.0	35.0	36.0	37.0
SRR14514207_2	2.0	36.0	250.0	1412.0	4726.0	13232.0	29509.0	58338.0	104288.0	173956.0	272330.0	419231.0	619914.0	941971.0	1635018.0	4134161.0	22178136.0	6791737.0
	22.0	23.0	24.0	25.0	26.0	27.0	28.0	29.0	30.0	31.0	32.0	33.0	34.0	35.0	36.0	37.0
SRR14514208_1	6.0	56.0	361.0	1804.0	6605.0	20472.0	51008.0	107378.0	188369.0	299753.0	446536.0	688609.0	1222896.0	3704828.0	17925300.0	772258.0
	20.0	21.0	22.0	23.0	24.0	25.0	26.0	27.0	28.0	29.0	30.0	31.0	32.0	33.0	34.0	35.0	36.0	37.0
SRR14514208_2	5.0	39.0	247.0	1195.0	4135.0	11461.0	25949.0	51491.0	91007.0	150689.0	233230.0	352981.0	517415.0	792250.0	1391586.0	3477313.0	15041913.0	3293333.0
	21.0	22.0	23.0	24.0	25.0	26.0	27.0	28.0	29.0	30.0	31.0	32.0	33.0	34.0	35.0	36.0	37.0
SRR14514209_1	2.0	8.0	74.0	450.0	2290.0	8524.0	26667.0	66392.0	141533.0	252684.0	410944.0	622538.0	975168.0	1720468.0	4970447.0	21490570.0	942042.0
	20.0	21.0	22.0	23.0	24.0	25.0	26.0	27.0	28.0	29.0	30.0	31.0	32.0	33.0	34.0	35.0	36.0	37.0
SRR14514209_2	3.0	54.0	363.0	1882.0	6265.0	17658.0	38818.0	76818.0	133352.0	218922.0	336650.0	504099.0	734166.0	1115213.0	1890675.0	4308963.0	17559203.0	4687697.0
	22.0	23.0	24.0	25.0	26.0	27.0	28.0	29.0	30.0	31.0	32.0	33.0	34.0	35.0	36.0	37.0
SRR14514210_1	10.0	51.0	349.0	1753.0	6550.0	20697.0	51521.0	108381.0	193942.0	311374.0	463655.0	714038.0	1254666.0	3739899.0	17436399.0	732543.0
	20.0	21.0	22.0	23.0	24.0	25.0	26.0	27.0	28.0	29.0	30.0	31.0	32.0	33.0	34.0	35.0	36.0	37.0
SRR14514210_2	3.0	34.0	176.0	1026.0	3367.0	9868.0	21715.0	43496.0	77283.0	129864.0	202211.0	308571.0	454113.0	692205.0	1184360.0	2917995.0	14960159.0	4029382.0
	22.0	23.0	24.0	25.0	26.0	27.0	28.0	29.0	30.0	31.0	32.0	33.0	34.0	35.0	36.0	37.0
SRR14514211_1	9.0	54.0	336.0	1646.0	6205.0	19366.0	47831.0	99534.0	174665.0	275932.0	410067.0	633720.0	1119794.0	3392691.0	16071507.0	717912.0
	20.0	21.0	22.0	23.0	24.0	25.0	26.0	27.0	28.0	29.0	30.0	31.0	32.0	33.0	34.0	35.0	36.0	37.0
SRR14514211_2	1.0	19.0	161.0	931.0	3106.0	9080.0	19872.0	40228.0	71277.0	119222.0	185177.0	282743.0	415709.0	635948.0	1108524.0	2780001.0	13541391.0	3757879.0
	22.0	23.0	24.0	25.0	26.0	27.0	28.0	29.0	30.0	31.0	32.0	33.0	34.0	35.0	36.0	37.0
SRR14514212_1	10.0	98.0	643.0	3088.0	11252.0	35182.0	87151.0	181633.0	321841.0	514581.0	761458.0	1158141.0	2017123.0	6088442.0	25634743.0	985257.0
	19.0	20.0	21.0	22.0	23.0	24.0	25.0	26.0	27.0	28.0	29.0	30.0	31.0	32.0	33.0	34.0	35.0	36.0	37.0
SRR14514212_2	1.0	6.0	51.0	327.0	1571.0	5288.0	15112.0	33613.0	68504.0	122049.0	207228.0	325509.0	499926.0	738651.0	1130396.0	1956400.0	4785672.0	21996008.0	5914331.0
	21.0	22.0	23.0	24.0	25.0	26.0	27.0	28.0	29.0	30.0	31.0	32.0	33.0	34.0	35.0	36.0	37.0
SRR14514213_1	1.0	4.0	34.0	255.0	1321.0	5083.0	16358.0	39835.0	84520.0	149371.0	237642.0	349810.0	537749.0	950910.0	2906208.0	12336901.0	471639.0
	20.0	21.0	22.0	23.0	24.0	25.0	26.0	27.0	28.0	29.0	30.0	31.0	32.0	33.0	34.0	35.0	36.0	37.0
SRR14514213_2	1.0	18.0	142.0	764.0	2733.0	7958.0	17701.0	36355.0	65123.0	109328.0	171905.0	262537.0	389093.0	592216.0	1019855.0	2453160.0	10407168.0	2551584.0
	22.0	23.0	24.0	25.0	26.0	27.0	28.0	29.0	30.0	31.0	32.0	33.0	34.0	35.0	36.0	37.0
SRR14514214_1	6.0	35.0	297.0	1507.0	6041.0	18712.0	46819.0	97398.0	171070.0	268522.0	393406.0	594073.0	1042962.0	3192441.0	13925933.0	561867.0
	20.0	21.0	22.0	23.0	24.0	25.0	26.0	27.0	28.0	29.0	30.0	31.0	32.0	33.0	34.0	35.0	36.0	37.0
SRR14514214_2	2.0	17.0	131.0	656.0	2268.0	6399.0	14363.0	29867.0	55558.0	95798.0	155294.0	241552.0	362363.0	556345.0	961795.0	2353276.0	11895388.0	3590017.0
	22.0	23.0	24.0	25.0	26.0	27.0	28.0	29.0	30.0	31.0	32.0	33.0	34.0	35.0	36.0	37.0
SRR14514215_1	13.0	114.0	674.0	3229.0	11866.0	36567.0	89145.0	185644.0	326024.0	520422.0	771107.0	1180506.0	2087069.0	6508903.0	28829672.0	1167910.0
	20.0	21.0	22.0	23.0	24.0	25.0	26.0	27.0	28.0	29.0	30.0	31.0	32.0	33.0	34.0	35.0	36.0	37.0
SRR14514215_2	1.0	52.0	357.0	1830.0	6188.0	17144.0	38694.0	76974.0	136853.0	228873.0	357439.0	546087.0	804917.0	1222562.0	2100090.0	5116893.0	24415138.0	6648773.0
	21.0	22.0	23.0	24.0	25.0	26.0	27.0	28.0	29.0	30.0	31.0	32.0	33.0	34.0	35.0	36.0	37.0
SRR14514216_1	2.0	7.0	66.0	411.0	1994.0	7671.0	24040.0	60308.0	126949.0	222965.0	354690.0	525260.0	802901.0	1413842.0	4406656.0	19185926.0	751995.0
	20.0	21.0	22.0	23.0	24.0	25.0	26.0	27.0	28.0	29.0	30.0	31.0	32.0	33.0	34.0	35.0	36.0	37.0
SRR14514216_2	1.0	17.0	178.0	984.0	3464.0	9806.0	22140.0	44777.0	82086.0	140059.0	223623.0	345691.0	514701.0	796029.0	1393873.0	3487866.0	16393225.0	4427163.0
	22.0	23.0	24.0	25.0	26.0	27.0	28.0	29.0	30.0	31.0	32.0	33.0	34.0	35.0	36.0	37.0
SRR14514217_1	13.0	67.0	450.0	2366.0	8687.0	27313.0	67572.0	138697.0	242469.0	383489.0	561351.0	849708.0	1482681.0	4747515.0	20683375.0	902384.0
	20.0	21.0	22.0	23.0	24.0	25.0	26.0	27.0	28.0	29.0	30.0	31.0	32.0	33.0	34.0	35.0	36.0	37.0
SRR14514217_2	1.0	30.0	217.0	1123.0	3973.0	10667.0	24106.0	48464.0	86207.0	147183.0	232205.0	360145.0	532884.0	818932.0	1424581.0	3573378.0	17595253.0	5238788.0
	22.0	23.0	24.0	25.0	26.0	27.0	28.0	29.0	30.0	31.0	32.0	33.0	34.0	35.0	36.0	37.0
SRR14514218_1	5.0	74.0	450.0	2241.0	8869.0	27493.0	68334.0	146381.0	260302.0	415463.0	615767.0	944763.0	1669870.0	5176600.0	22797016.0	879487.0
	20.0	21.0	22.0	23.0	24.0	25.0	26.0	27.0	28.0	29.0	30.0	31.0	32.0	33.0	34.0	35.0	36.0	37.0
SRR14514218_2	1.0	36.0	272.0	1469.0	4891.0	14467.0	32539.0	65693.0	118723.0	199045.0	312438.0	477650.0	704923.0	1076601.0	1888960.0	4684924.0	19254201.0	4176282.0
	22.0	23.0	24.0	25.0	26.0	27.0	28.0	29.0	30.0	31.0	32.0	33.0	34.0	35.0	36.0	37.0
SRR14514219_1	9.0	54.0	319.0	1484.0	6018.0	18410.0	45718.0	96526.0	173164.0	276546.0	412440.0	633589.0	1109993.0	3336657.0	15716030.0	678830.0
	20.0	21.0	22.0	23.0	24.0	25.0	26.0	27.0	28.0	29.0	30.0	31.0	32.0	33.0	34.0	35.0	36.0	37.0
SRR14514219_2	1.0	27.0	196.0	986.0	3269.0	9158.0	20223.0	40964.0	72311.0	121321.0	188860.0	287392.0	421214.0	640835.0	1102346.0	2697906.0	13258801.0	3639977.0
	21.0	22.0	23.0	24.0	25.0	26.0	27.0	28.0	29.0	30.0	31.0	32.0	33.0	34.0	35.0	36.0	37.0
SRR14514220_1	1.0	4.0	77.0	403.0	1831.0	6581.0	20521.0	50726.0	106384.0	189079.0	305983.0	462370.0	716509.0	1274595.0	3852345.0	15717649.0	580035.0
	20.0	21.0	22.0	23.0	24.0	25.0	26.0	27.0	28.0	29.0	30.0	31.0	32.0	33.0	34.0	35.0	36.0	37.0
SRR14514220_2	3.0	50.0	273.0	1336.0	4489.0	12786.0	28247.0	56085.0	98308.0	162218.0	250959.0	378826.0	555171.0	842911.0	1444588.0	3374917.0	13107392.0	2966534.0
	21.0	22.0	23.0	24.0	25.0	26.0	27.0	28.0	29.0	30.0	31.0	32.0	33.0	34.0	35.0	36.0	37.0
SRR14514221_1	2.0	3.0	44.0	324.0	1451.0	5350.0	17160.0	42718.0	91342.0	166535.0	276320.0	431313.0	694378.0	1261800.0	3773956.0	16009910.0	705485.0
	20.0	21.0	22.0	23.0	24.0	25.0	26.0	27.0	28.0	29.0	30.0	31.0	32.0	33.0	34.0	35.0	36.0	37.0
SRR14514221_2	2.0	38.0	235.0	1244.0	4427.0	12263.0	27384.0	55450.0	97241.0	160674.0	248299.0	375304.0	555053.0	856124.0	1488844.0	3483752.0	13148035.0	2963722.0
	21.0	22.0	23.0	24.0	25.0	26.0	27.0	28.0	29.0	30.0	31.0	32.0	33.0	34.0	35.0	36.0	37.0
SRR14514222_1	1.0	16.0	86.0	565.0	2791.0	10155.0	31773.0	80175.0	167790.0	290739.0	452241.0	659694.0	1003537.0	1735936.0	4948704.0	23134713.0	1046474.0
	20.0	21.0	22.0	23.0	24.0	25.0	26.0	27.0	28.0	29.0	30.0	31.0	32.0	33.0	34.0	35.0	36.0	37.0
SRR14514222_2	4.0	48.0	431.0	2145.0	7196.0	19630.0	42383.0	83178.0	142109.0	230397.0	349514.0	517361.0	751541.0	1134870.0	1942344.0	4602352.0	19263456.0	4476431.0
	21.0	22.0	23.0	24.0	25.0	26.0	27.0	28.0	29.0	30.0	31.0	32.0	33.0	34.0	35.0	36.0	37.0
SRR14514223_1	1.0	2.0	68.0	369.0	1891.0	7255.0	23194.0	57942.0	122338.0	216526.0	348374.0	526466.0	818227.0	1466501.0	4420664.0	18963823.0	778844.0
	20.0	21.0	22.0	23.0	24.0	25.0	26.0	27.0	28.0	29.0	30.0	31.0	32.0	33.0	34.0	35.0	36.0	37.0
SRR14514223_2	2.0	30.0	156.0	847.0	2792.0	8091.0	18170.0	37672.0	68950.0	118264.0	190886.0	300349.0	452686.0	705640.0	1251109.0	3189092.0	16660711.0	4747038.0
	21.0	22.0	23.0	24.0	25.0	26.0	27.0	28.0	29.0	30.0	31.0	32.0	33.0	34.0	35.0	36.0	37.0
SRR14514224_1	2.0	9.0	99.0	596.0	2993.0	11101.0	34778.0	86751.0	181523.0	317757.0	505540.0	745860.0	1135779.0	1989971.0	6429029.0	27354315.0	1228580.0
	20.0	21.0	22.0	23.0	24.0	25.0	26.0	27.0	28.0	29.0	30.0	31.0	32.0	33.0	34.0	35.0	36.0	37.0
SRR14514224_2	6.0	47.0	362.0	1732.0	5677.0	15749.0	34744.0	68831.0	122232.0	202687.0	317085.0	482164.0	707386.0	1080265.0	1856063.0	4534329.0	22613161.0	7982163.0
	22.0	23.0	24.0	25.0	26.0	27.0	28.0	29.0	30.0	31.0	32.0	33.0	34.0	35.0	36.0	37.0
SRR14514225_1	2.0	60.0	443.0	2072.0	7990.0	24911.0	62028.0	129633.0	228077.0	358887.0	526374.0	796438.0	1389099.0	4203631.0	18079453.0	713933.0
	20.0	21.0	22.0	23.0	24.0	25.0	26.0	27.0	28.0	29.0	30.0	31.0	32.0	33.0	34.0	35.0	36.0	37.0
SRR14514225_2	3.0	26.0	228.0	1078.0	3949.0	10966.0	24414.0	49745.0	89262.0	150570.0	237808.0	365964.0	537597.0	817963.0	1401278.0	3378922.0	15318936.0	4134322.0
	22.0	23.0	24.0	25.0	26.0	27.0	28.0	29.0	30.0	31.0	32.0	33.0	34.0	35.0	36.0	37.0
SRR14514226_1	12.0	88.0	545.0	2717.0	10297.0	32071.0	77653.0	162644.0	284210.0	448186.0	659435.0	991352.0	1727847.0	5375592.0	22484977.0	906036.0
	20.0	21.0	22.0	23.0	24.0	25.0	26.0	27.0	28.0	29.0	30.0	31.0	32.0	33.0	34.0	35.0	36.0	37.0
SRR14514226_2	5.0	41.0	285.0	1481.0	4802.0	13272.0	29302.0	59458.0	105705.0	179052.0	281434.0	427700.0	628822.0	963371.0	1660418.0	4065771.0	19011888.0	5730855.0
	22.0	23.0	24.0	25.0	26.0	27.0	28.0	29.0	30.0	31.0	32.0	33.0	34.0	35.0	36.0	37.0
SRR14514227_1	5.0	58.0	351.0	1867.0	7182.0	22237.0	56191.0	117830.0	210669.0	339331.0	508960.0	792854.0	1397082.0	4126596.0	18094657.0	746361.0
	20.0	21.0	22.0	23.0	24.0	25.0	26.0	27.0	28.0	29.0	30.0	31.0	32.0	33.0	34.0	35.0	36.0	37.0
SRR14514227_2	4.0	31.0	252.0	1330.0	4349.0	11979.0	26461.0	52777.0	92069.0	153377.0	238406.0	359823.0	530031.0	807408.0	1387781.0	3326570.0	15278300.0	4151283.0
	21.0	22.0	23.0	24.0	25.0	26.0	27.0	28.0	29.0	30.0	31.0	32.0	33.0	34.0	35.0	36.0	37.0
SRR14514228_1	2.0	7.0	69.0	429.0	2084.0	7875.0	24723.0	62917.0	133929.0	238612.0	384149.0	570881.0	877013.0	1547397.0	4754992.0	19973565.0	804401.0
	19.0	20.0	21.0	22.0	23.0	24.0	25.0	26.0	27.0	28.0	29.0	30.0	31.0	32.0	33.0	34.0	35.0	36.0	37.0
SRR14514228_2	1.0	3.0	49.0	242.0	1292.0	4323.0	11929.0	26266.0	54273.0	96389.0	163134.0	255296.0	391247.0	576113.0	881584.0	1521521.0	3701919.0	16961269.0	4736195.0
	21.0	22.0	23.0	24.0	25.0	26.0	27.0	28.0	29.0	30.0	31.0	32.0	33.0	34.0	35.0	36.0	37.0
SRR14514229_1	1.0	9.0	102.0	597.0	3173.0	11861.0	37868.0	95463.0	203352.0	363880.0	588775.0	886172.0	1375993.0	2461219.0	7738030.0	37349510.0	1692145.0
	20.0	21.0	22.0	23.0	24.0	25.0	26.0	27.0	28.0	29.0	30.0	31.0	32.0	33.0	34.0	35.0	36.0	37.0
SRR14514229_2	8.0	46.0	353.0	1837.0	6458.0	18535.0	40529.0	82584.0	147271.0	248537.0	390060.0	599182.0	890706.0	1375715.0	2413855.0	6121921.0	31635414.0	8835139.0
	22.0	23.0	24.0	25.0	26.0	27.0	28.0	29.0	30.0	31.0	32.0	33.0	34.0	35.0	36.0	37.0
SRR14514230_1	5.0	43.0	364.0	1793.0	6604.0	21075.0	53358.0	113268.0	199873.0	319295.0	474042.0	729626.0	1286477.0	3864075.0	18061382.0	766713.0
	20.0	21.0	22.0	23.0	24.0	25.0	26.0	27.0	28.0	29.0	30.0	31.0	32.0	33.0	34.0	35.0	36.0	37.0
SRR14514230_2	4.0	26.0	219.0	1072.0	3684.0	10284.0	22552.0	45425.0	80125.0	134772.0	210660.0	322642.0	474951.0	719247.0	1246498.0	3113910.0	15405121.0	4106801.0
	21.0	22.0	23.0	24.0	25.0	26.0	27.0	28.0	29.0	30.0	31.0	32.0	33.0	34.0	35.0	36.0	37.0
SRR14514231_1	1.0	8.0	91.0	518.0	2522.0	9998.0	31659.0	78668.0	165651.0	294417.0	470255.0	699512.0	1073997.0	1905185.0	6011246.0	26045616.0	1043152.0
	21.0	22.0	23.0	24.0	25.0	26.0	27.0	28.0	29.0	30.0	31.0	32.0	33.0	34.0	35.0	36.0	37.0
SRR14514231_2	35.0	286.0	1404.0	4950.0	13568.0	31098.0	63819.0	115161.0	196315.0	310646.0	478207.0	707142.0	1088646.0	1890669.0	4670648.0	21987689.0	6272213.0
	21.0	22.0	23.0	24.0	25.0	26.0	27.0	28.0	29.0	30.0	31.0	32.0	33.0	34.0	35.0	36.0	37.0
SRR14514232_1	1.0	6.0	77.0	507.0	2555.0	9390.0	28574.0	69847.0	145868.0	255520.0	405111.0	591357.0	901870.0	1569573.0	4773628.0	21118483.0	893754.0
	20.0	21.0	22.0	23.0	24.0	25.0	26.0	27.0	28.0	29.0	30.0	31.0	32.0	33.0	34.0	35.0	36.0	37.0
SRR14514232_2	5.0	39.0	283.0	1441.0	5130.0	13990.0	30945.0	61121.0	108134.0	180833.0	282692.0	427305.0	627556.0	955544.0	1651913.0	4023377.0	17639973.0	4755840.0
	22.0	23.0	24.0	25.0	26.0	27.0	28.0	29.0	30.0	31.0	32.0	33.0	34.0	35.0	36.0	37.0
SRR14514233_1	7.0	76.0	485.0	2314.0	8724.0	27283.0	67562.0	142290.0	251629.0	405412.0	606761.0	932682.0	1637681.0	5128396.0	22517635.0	931524.0
	20.0	21.0	22.0	23.0	24.0	25.0	26.0	27.0	28.0	29.0	30.0	31.0	32.0	33.0	34.0	35.0	36.0	37.0
SRR14514233_2	5.0	31.0	260.0	1279.0	4459.0	12551.0	28219.0	57369.0	101930.0	173026.0	272421.0	418930.0	617731.0	942115.0	1618336.0	3961230.0	19057963.0	5392606.0
	22.0	23.0	24.0	25.0	26.0	27.0	28.0	29.0	30.0	31.0	32.0	33.0	34.0	35.0	36.0	37.0
SRR14514234_1	7.0	86.0	484.0	2539.0	9447.0	29912.0	73934.0	155283.0	276023.0	443397.0	663999.0	1025676.0	1816430.0	5580561.0	26938717.0	1129782.0
	20.0	21.0	22.0	23.0	24.0	25.0	26.0	27.0	28.0	29.0	30.0	31.0	32.0	33.0	34.0	35.0	36.0	37.0
SRR14514234_2	3.0	37.0	258.0	1343.0	4695.0	13534.0	29919.0	61042.0	109481.0	184626.0	290847.0	449566.0	664999.0	1022922.0	1805727.0	4630880.0	23075426.0	5800972.0
	22.0	23.0	24.0	25.0	26.0	27.0	28.0	29.0	30.0	31.0	32.0	33.0	34.0	35.0	36.0	37.0
SRR14514235_1	6.0	62.0	369.0	1875.0	7042.0	21402.0	51451.0	104679.0	179294.0	278104.0	403025.0	604967.0	1052101.0	3246436.0	14452775.0	584188.0
	20.0	21.0	22.0	23.0	24.0	25.0	26.0	27.0	28.0	29.0	30.0	31.0	32.0	33.0	34.0	35.0	36.0	37.0
SRR14514235_2	1.0	24.0	151.0	830.0	2711.0	7606.0	16288.0	33525.0	59601.0	101935.0	161174.0	249046.0	369727.0	559598.0	974283.0	2438293.0	12335908.0	3677075.0
	20.0	21.0	22.0	23.0	24.0	25.0	26.0	27.0	28.0	29.0	30.0	31.0	32.0	33.0	34.0	35.0	36.0	37.0
SRR14514236_1	1.0	0.0	7.0	62.0	396.0	2180.0	7957.0	24832.0	61773.0	129813.0	229534.0	368252.0	548494.0	838425.0	1469327.0	4566660.0	19612785.0	760525.0
	19.0	20.0	21.0	22.0	23.0	24.0	25.0	26.0	27.0	28.0	29.0	30.0	31.0	32.0	33.0	34.0	35.0	36.0	37.0
SRR14514236_2	1.0	1.0	35.0	218.0	1241.0	4086.0	11506.0	26080.0	52462.0	93159.0	157001.0	248660.0	379796.0	559096.0	851460.0	1459956.0	3561579.0	16791164.0	4423522.0
	21.0	22.0	23.0	24.0	25.0	26.0	27.0	28.0	29.0	30.0	31.0	32.0	33.0	34.0	35.0	36.0	37.0
SRR14514237_1	1.0	10.0	53.0	381.0	1764.0	6848.0	21929.0	54975.0	117288.0	203928.0	322875.0	478983.0	742234.0	1305266.0	3904410.0	17869258.0	834690.0
	20.0	21.0	22.0	23.0	24.0	25.0	26.0	27.0	28.0	29.0	30.0	31.0	32.0	33.0	34.0	35.0	36.0	37.0
SRR14514237_2	1.0	28.0	219.0	995.0	3473.0	9618.0	21176.0	43305.0	77121.0	130907.0	206676.0	316765.0	467686.0	716550.0	1226561.0	2948764.0	14987952.0	4707096.0
	21.0	22.0	23.0	24.0	25.0	26.0	27.0	28.0	29.0	30.0	31.0	32.0	33.0	34.0	35.0	36.0	37.0
SRR14514238_1	1.0	9.0	97.0	471.0	2391.0	8723.0	26299.0	64753.0	134735.0	240672.0	389179.0	590824.0	924113.0	1636958.0	4732662.0	20267764.0	859522.0
	20.0	21.0	22.0	23.0	24.0	25.0	26.0	27.0	28.0	29.0	30.0	31.0	32.0	33.0	34.0	35.0	36.0	37.0
SRR14514238_2	4.0	41.0	393.0	1935.0	6320.0	17840.0	38733.0	75226.0	129640.0	211854.0	322849.0	482120.0	700048.0	1062546.0	1808996.0	4183305.0	16693955.0	4143368.0
	22.0	23.0	24.0	25.0	26.0	27.0	28.0	29.0	30.0	31.0	32.0	33.0	34.0	35.0	36.0	37.0
SRR14514239_1	6.0	100.0	562.0	2608.0	9845.0	30784.0	75513.0	157866.0	277750.0	442547.0	656304.0	1008927.0	1777794.0	5427139.0	26911095.0	1189530.0
	19.0	20.0	21.0	22.0	23.0	24.0	25.0	26.0	27.0	28.0	29.0	30.0	31.0	32.0	33.0	34.0	35.0	36.0	37.0
SRR14514239_2	1.0	3.0	41.0	275.0	1467.0	5433.0	14569.0	33018.0	65525.0	115567.0	190442.0	296844.0	452904.0	665986.0	1013311.0	1751547.0	4396373.0	22818578.0	6146486.0
	22.0	23.0	24.0	25.0	26.0	27.0	28.0	29.0	30.0	31.0	32.0	33.0	34.0	35.0	36.0	37.0
SRR14514240_1	4.0	33.0	256.0	1296.0	5132.0	16509.0	41879.0	88252.0	157436.0	251343.0	375059.0	571357.0	1004177.0	3163709.0	13763693.0	552774.0
	19.0	20.0	21.0	22.0	23.0	24.0	25.0	26.0	27.0	28.0	29.0	30.0	31.0	32.0	33.0	34.0	35.0	36.0	37.0
SRR14514240_2	1.0	1.0	20.0	140.0	728.0	2544.0	7400.0	16195.0	33404.0	61050.0	105300.0	167859.0	260795.0	387809.0	592558.0	1027632.0	2546680.0	11751879.0	3030914.0

