	12.0	13.0	14.0	15.0	16.0	17.0	18.0	19.0	20.0	21.0	22.0	23.0	24.0	25.0	26.0	27.0	28.0	29.0	30.0	31.0	32.0	33.0	34.0	35.0	36.0	37.0
SRR14514161_1	1.0	7.0	53.0	135.0	233.0	439.0	762.0	1343.0	2576.0	5352.0	10905.0	21367.0	38602.0	66676.0	108137.0	169432.0	251019.0	354167.0	493460.0	681476.0	960200.0	1499568.0	2702427.0	6882931.0	27362237.0	1056009.0
	11.0	12.0	13.0	14.0	15.0	16.0	17.0	18.0	19.0	20.0	21.0	22.0	23.0	24.0	25.0	26.0	27.0	28.0	29.0	30.0	31.0	32.0	33.0	34.0	35.0	36.0	37.0
SRR14514161_2	14.0	282.0	1804.0	3397.0	3661.0	3653.0	4157.0	5646.0	9005.0	17092.0	32561.0	57095.0	86915.0	120586.0	154514.0	194773.0	249399.0	332150.0	482089.0	735140.0	994155.0	1281131.0	1730455.0	2689157.0	5626413.0	21965382.0	5888888.0
	13.0	14.0	15.0	16.0	17.0	18.0	19.0	20.0	21.0	22.0	23.0	24.0	25.0	26.0	27.0	28.0	29.0	30.0	31.0	32.0	33.0	34.0	35.0	36.0	37.0
SRR14514162_1	8.0	37.0	107.0	246.0	390.0	485.0	819.0	1504.0	2901.0	6315.0	12840.0	23877.0	42033.0	69109.0	109691.0	164641.0	235117.0	328934.0	451394.0	637207.0	972407.0	1605348.0	4211945.0	17315152.0	622324.0
	11.0	12.0	13.0	14.0	15.0	16.0	17.0	18.0	19.0	20.0	21.0	22.0	23.0	24.0	25.0	26.0	27.0	28.0	29.0	30.0	31.0	32.0	33.0	34.0	35.0	36.0	37.0
SRR14514162_2	5.0	122.0	939.0	1955.0	2460.0	2852.0	3186.0	4384.0	6548.0	11260.0	19980.0	33191.0	50847.0	72520.0	96724.0	125456.0	163797.0	219457.0	308685.0	419215.0	523497.0	660753.0	898185.0	1455388.0	3373878.0	14742166.0	3617381.0
	12.0	13.0	14.0	15.0	16.0	17.0	18.0	19.0	20.0	21.0	22.0	23.0	24.0	25.0	26.0	27.0	28.0	29.0	30.0	31.0	32.0	33.0	34.0	35.0	36.0	37.0
SRR14514163_1	1.0	10.0	84.0	337.0	637.0	1091.0	1569.0	2166.0	3094.0	5055.0	8852.0	16046.0	27719.0	46942.0	76403.0	120037.0	182232.0	265402.0	388341.0	598019.0	863569.0	1112962.0	1657155.0	4563566.0	21775908.0	928022.0
	11.0	12.0	13.0	14.0	15.0	16.0	17.0	18.0	19.0	20.0	21.0	22.0	23.0	24.0	25.0	26.0	27.0	28.0	29.0	30.0	31.0	32.0	33.0	34.0	35.0	36.0	37.0
SRR14514163_2	23.0	283.0	1676.0	3557.0	4777.0	5097.0	5691.0	6878.0	9284.0	14349.0	23534.0	38170.0	57761.0	80667.0	108382.0	138196.0	177408.0	230052.0	319110.0	433102.0	549166.0	698219.0	938979.0	1518036.0	3647465.0	18517496.0	5117861.0
	13.0	14.0	15.0	16.0	17.0	18.0	19.0	20.0	21.0	22.0	23.0	24.0	25.0	26.0	27.0	28.0	29.0	30.0	31.0	32.0	33.0	34.0	35.0	36.0	37.0
SRR14514164_1	8.0	45.0	157.0	221.0	320.0	415.0	688.0	1298.0	2545.0	5525.0	11549.0	20474.0	34849.0	55449.0	87624.0	133818.0	193387.0	279572.0	418039.0	589536.0	791947.0	1227992.0	3364930.0	16232591.0	696723.0
	11.0	12.0	13.0	14.0	15.0	16.0	17.0	18.0	19.0	20.0	21.0	22.0	23.0	24.0	25.0	26.0	27.0	28.0	29.0	30.0	31.0	32.0	33.0	34.0	35.0	36.0	37.0
SRR14514164_2	11.0	122.0	649.0	1478.0	1848.0	2084.0	2365.0	3308.0	5207.0	9554.0	16679.0	28897.0	46235.0	66830.0	88465.0	112709.0	144915.0	199808.0	288671.0	331322.0	385469.0	499377.0	719160.0	1202887.0	2878855.0	13698078.0	3414719.0
	13.0	14.0	15.0	16.0	17.0	18.0	19.0	20.0	21.0	22.0	23.0	24.0	25.0	26.0	27.0	28.0	29.0	30.0	31.0	32.0	33.0	34.0	35.0	36.0	37.0
SRR14514165_1	7.0	40.0	123.0	223.0	281.0	431.0	661.0	1297.0	2807.0	6042.0	12346.0	23564.0	41841.0	69638.0	112317.0	171424.0	246921.0	347580.0	479052.0	663600.0	1001255.0	1822993.0	4980624.0	20370608.0	745034.0
	11.0	12.0	13.0	14.0	15.0	16.0	17.0	18.0	19.0	20.0	21.0	22.0	23.0	24.0	25.0	26.0	27.0	28.0	29.0	30.0	31.0	32.0	33.0	34.0	35.0	36.0	37.0
SRR14514165_2	13.0	157.0	940.0	2090.0	2598.0	2887.0	3432.0	4409.0	6309.0	10205.0	18428.0	31063.0	49556.0	73419.0	100191.0	132065.0	173588.0	229623.0	320904.0	446541.0	572726.0	729831.0	1004602.0	1638462.0	3775932.0	17295025.0	4475713.0
	14.0	15.0	16.0	17.0	18.0	19.0	20.0	21.0	22.0	23.0	24.0	25.0	26.0	27.0	28.0	29.0	30.0	31.0	32.0	33.0	34.0	35.0	36.0	37.0
SRR14514166_1	21.0	68.0	99.0	134.0	215.0	341.0	570.0	1039.0	2098.0	3976.0	7159.0	12328.0	19458.0	29285.0	41981.0	58276.0	80553.0	110246.0	151500.0	215079.0	343179.0	891975.0	3876065.0	158188.0
	12.0	13.0	14.0	15.0	16.0	17.0	18.0	19.0	20.0	21.0	22.0	23.0	24.0	25.0	26.0	27.0	28.0	29.0	30.0	31.0	32.0	33.0	34.0	35.0	36.0	37.0
SRR14514166_2	60.0	346.0	645.0	779.0	788.0	892.0	1122.0	1722.0	2892.0	5066.0	8900.0	13756.0	19832.0	25596.0	32182.0	40368.0	52567.0	67366.0	82620.0	103816.0	138182.0	200307.0	325188.0	748411.0	3339095.0	791335.0
	13.0	14.0	15.0	16.0	17.0	18.0	19.0	20.0	21.0	22.0	23.0	24.0	25.0	26.0	27.0	28.0	29.0	30.0	31.0	32.0	33.0	34.0	35.0	36.0	37.0
SRR14514167_1	12.0	109.0	234.0	538.0	698.0	998.0	1375.0	2222.0	3855.0	7756.0	15347.0	27885.0	48367.0	78966.0	124578.0	189014.0	292619.0	488921.0	600494.0	741432.0	1058887.0	1786033.0	5072053.0	22461768.0	909444.0
	11.0	12.0	13.0	14.0	15.0	16.0	17.0	18.0	19.0	20.0	21.0	22.0	23.0	24.0	25.0	26.0	27.0	28.0	29.0	30.0	31.0	32.0	33.0	34.0	35.0	36.0	37.0
SRR14514167_2	30.0	367.0	2084.0	4313.0	5160.0	5363.0	5717.0	6915.0	9769.0	15702.0	26801.0	44655.0	69769.0	100404.0	133496.0	169014.0	213868.0	272194.0	355061.0	468474.0	606878.0	798235.0	1138331.0	1915741.0	4472852.0	18654397.0	4418015.0
	13.0	14.0	15.0	16.0	17.0	18.0	19.0	20.0	21.0	22.0	23.0	24.0	25.0	26.0	27.0	28.0	29.0	30.0	31.0	32.0	33.0	34.0	35.0	36.0	37.0
SRR14514168_1	2.0	28.0	70.0	116.0	244.0	362.0	599.0	1114.0	2204.0	4432.0	8978.0	16777.0	29269.0	48885.0	77952.0	117454.0	169504.0	237903.0	327014.0	454761.0	699980.0	1299127.0	3271045.0	13944309.0	525883.0
	11.0	12.0	13.0	14.0	15.0	16.0	17.0	18.0	19.0	20.0	21.0	22.0	23.0	24.0	25.0	26.0	27.0	28.0	29.0	30.0	31.0	32.0	33.0	34.0	35.0	36.0	37.0
SRR14514168_2	5.0	100.0	747.0	1589.0	2038.0	2410.0	2883.0	3694.0	5172.0	8576.0	14646.0	24206.0	37396.0	53785.0	74193.0	101581.0	155008.0	273848.0	391291.0	357542.0	393481.0	494461.0	697923.0	1080979.0	2460221.0	11653164.0	2947073.0
	12.0	13.0	14.0	15.0	16.0	17.0	18.0	19.0	20.0	21.0	22.0	23.0	24.0	25.0	26.0	27.0	28.0	29.0	30.0	31.0	32.0	33.0	34.0	35.0	36.0	37.0
SRR14514169_1	1.0	1.0	30.0	90.0	162.0	257.0	367.0	574.0	1112.0	2485.0	5263.0	10794.0	21348.0	38639.0	64923.0	104128.0	159429.0	228889.0	322364.0	459829.0	678753.0	988456.0	1534809.0	4177270.0	18683156.0	701860.0
	11.0	12.0	13.0	14.0	15.0	16.0	17.0	18.0	19.0	20.0	21.0	22.0	23.0	24.0	25.0	26.0	27.0	28.0	29.0	30.0	31.0	32.0	33.0	34.0	35.0	36.0	37.0
SRR14514169_2	8.0	112.0	800.0	1863.0	2321.0	2640.0	2969.0	3744.0	5381.0	9058.0	15966.0	27581.0	43411.0	64438.0	89142.0	119428.0	161716.0	213747.0	284476.0	375291.0	492330.0	639415.0	883554.0	1476217.0	3392708.0	15686544.0	4190129.0
	13.0	14.0	15.0	16.0	17.0	18.0	19.0	20.0	21.0	22.0	23.0	24.0	25.0	26.0	27.0	28.0	29.0	30.0	31.0	32.0	33.0	34.0	35.0	36.0	37.0
SRR14514170_1	12.0	74.0	186.0	359.0	503.0	747.0	1145.0	2033.0	4261.0	9267.0	19277.0	37319.0	66539.0	109168.0	171604.0	253458.0	361566.0	506191.0	711951.0	1032445.0	1508806.0	2414351.0	6700731.0	31062686.0	1241451.0
	11.0	12.0	13.0	14.0	15.0	16.0	17.0	18.0	19.0	20.0	21.0	22.0	23.0	24.0	25.0	26.0	27.0	28.0	29.0	30.0	31.0	32.0	33.0	34.0	35.0	36.0	37.0
SRR14514170_2	25.0	250.0	1525.0	2910.0	3515.0	3566.0	4354.0	5433.0	8049.0	14099.0	25846.0	44870.0	72176.0	106185.0	143790.0	185362.0	241234.0	315948.0	441430.0	610142.0	754954.0	944767.0	1305324.0	2185269.0	5349632.0	26407731.0	7037744.0
	13.0	14.0	15.0	16.0	17.0	18.0	19.0	20.0	21.0	22.0	23.0	24.0	25.0	26.0	27.0	28.0	29.0	30.0	31.0	32.0	33.0	34.0	35.0	36.0	37.0
SRR14514171_1	7.0	57.0	143.0	250.0	352.0	467.0	775.0	1499.0	3210.0	6953.0	13985.0	26633.0	46704.0	76055.0	120148.0	181935.0	271199.0	426758.0	541584.0	681149.0	959364.0	1614557.0	4612562.0	18936443.0	671288.0
	11.0	12.0	13.0	14.0	15.0	16.0	17.0	18.0	19.0	20.0	21.0	22.0	23.0	24.0	25.0	26.0	27.0	28.0	29.0	30.0	31.0	32.0	33.0	34.0	35.0	36.0	37.0
SRR14514171_2	13.0	293.0	1783.0	3168.0	3582.0	3617.0	3960.0	5133.0	7683.0	13202.0	23898.0	41700.0	66117.0	97473.0	130977.0	169758.0	225064.0	305388.0	372845.0	443686.0	571051.0	773017.0	1110382.0	1849716.0	4236857.0	15678917.0	3054797.0
	13.0	14.0	15.0	16.0	17.0	18.0	19.0	20.0	21.0	22.0	23.0	24.0	25.0	26.0	27.0	28.0	29.0	30.0	31.0	32.0	33.0	34.0	35.0	36.0	37.0
SRR14514172_1	2.0	14.0	66.0	102.0	147.0	217.0	454.0	891.0	1852.0	4190.0	8601.0	16041.0	28170.0	46722.0	75379.0	115049.0	164759.0	230479.0	316586.0	436197.0	649907.0	1114311.0	3121363.0	13935841.0	525650.0
	11.0	12.0	13.0	14.0	15.0	16.0	17.0	18.0	19.0	20.0	21.0	22.0	23.0	24.0	25.0	26.0	27.0	28.0	29.0	30.0	31.0	32.0	33.0	34.0	35.0	36.0	37.0
SRR14514172_2	6.0	114.0	634.0	1303.0	1508.0	1648.0	1947.0	2557.0	3944.0	7226.0	13495.0	23600.0	36960.0	53378.0	72499.0	96411.0	136052.0	199306.0	243280.0	280616.0	355661.0	482497.0	680495.0	1092522.0	2537785.0	11592447.0	2875099.0
	13.0	14.0	15.0	16.0	17.0	18.0	19.0	20.0	21.0	22.0	23.0	24.0	25.0	26.0	27.0	28.0	29.0	30.0	31.0	32.0	33.0	34.0	35.0	36.0	37.0
SRR14514173_1	6.0	109.0	295.0	729.0	1141.0	1507.0	1868.0	2712.0	4083.0	6819.0	11833.0	21006.0	35123.0	58162.0	93164.0	142745.0	205226.0	287124.0	392011.0	540766.0	807133.0	1368927.0	3746594.0	18284033.0	790290.0
	11.0	12.0	13.0	14.0	15.0	16.0	17.0	18.0	19.0	20.0	21.0	22.0	23.0	24.0	25.0	26.0	27.0	28.0	29.0	30.0	31.0	32.0	33.0	34.0	35.0	36.0	37.0
SRR14514173_2	12.0	230.0	1527.0	3097.0	4024.0	4477.0	4728.0	5400.0	6904.0	10099.0	17095.0	27561.0	42041.0	59577.0	80049.0	104215.0	132104.0	159812.0	203936.0	279788.0	381651.0	506374.0	701969.0	1160403.0	2861564.0	15647691.0	4397078.0
	13.0	14.0	15.0	16.0	17.0	18.0	19.0	20.0	21.0	22.0	23.0	24.0	25.0	26.0	27.0	28.0	29.0	30.0	31.0	32.0	33.0	34.0	35.0	36.0	37.0
SRR14514174_1	1.0	14.0	53.0	90.0	140.0	249.0	498.0	1071.0	2478.0	5790.0	11814.0	22563.0	39704.0	66766.0	106783.0	162342.0	233859.0	333267.0	483539.0	737080.0	1076499.0	1626101.0	4276213.0	19706405.0	777135.0
	11.0	12.0	13.0	14.0	15.0	16.0	17.0	18.0	19.0	20.0	21.0	22.0	23.0	24.0	25.0	26.0	27.0	28.0	29.0	30.0	31.0	32.0	33.0	34.0	35.0	36.0	37.0
SRR14514174_2	4.0	103.0	587.0	1239.0	1476.0	1781.0	2030.0	2906.0	5003.0	9828.0	18630.0	32990.0	51459.0	73964.0	99915.0	133521.0	189629.0	311854.0	464263.0	494210.0	575125.0	778208.0	1122774.0	1669704.0	3620188.0	16026845.0	3982218.0
	13.0	14.0	15.0	16.0	17.0	18.0	19.0	20.0	21.0	22.0	23.0	24.0	25.0	26.0	27.0	28.0	29.0	30.0	31.0	32.0	33.0	34.0	35.0	36.0	37.0
SRR14514175_1	14.0	105.0	247.0	382.0	417.0	572.0	784.0	1315.0	2558.0	5415.0	11018.0	20572.0	34745.0	57252.0	91177.0	138944.0	201415.0	283486.0	394598.0	555101.0	844308.0	1455994.0	3904910.0	17872710.0	755615.0
	11.0	12.0	13.0	14.0	15.0	16.0	17.0	18.0	19.0	20.0	21.0	22.0	23.0	24.0	25.0	26.0	27.0	28.0	29.0	30.0	31.0	32.0	33.0	34.0	35.0	36.0	37.0
SRR14514175_2	9.0	141.0	761.0	1753.0	2289.0	2450.0	2786.0	3633.0	5402.0	9849.0	17833.0	30798.0	47646.0	69139.0	92548.0	118018.0	153632.0	211904.0	309106.0	370483.0	443760.0	580730.0	838041.0	1373263.0	3132170.0	14922239.0	3893271.0
	13.0	14.0	15.0	16.0	17.0	18.0	19.0	20.0	21.0	22.0	23.0	24.0	25.0	26.0	27.0	28.0	29.0	30.0	31.0	32.0	33.0	34.0	35.0	36.0	37.0
SRR14514176_1	13.0	77.0	219.0	490.0	606.0	827.0	1223.0	1891.0	3639.0	7196.0	13669.0	24900.0	41900.0	67777.0	105853.0	157868.0	225488.0	321923.0	462643.0	651286.0	914309.0	1494548.0	4118166.0	17799294.0	726596.0
	11.0	12.0	13.0	14.0	15.0	16.0	17.0	18.0	19.0	20.0	21.0	22.0	23.0	24.0	25.0	26.0	27.0	28.0	29.0	30.0	31.0	32.0	33.0	34.0	35.0	36.0	37.0
SRR14514176_2	20.0	319.0	1777.0	3253.0	3821.0	3893.0	4454.0	5836.0	8631.0	14562.0	25274.0	42446.0	65343.0	91920.0	119314.0	148292.0	184550.0	228441.0	291583.0	386297.0	499606.0	654629.0	930605.0	1553263.0	3546297.0	14739411.0	3588564.0
	13.0	14.0	15.0	16.0	17.0	18.0	19.0	20.0	21.0	22.0	23.0	24.0	25.0	26.0	27.0	28.0	29.0	30.0	31.0	32.0	33.0	34.0	35.0	36.0	37.0
SRR14514177_1	19.0	130.0	430.0	852.0	1317.0	1808.0	2424.0	3228.0	4756.0	8090.0	14706.0	25904.0	42577.0	66480.0	100905.0	145448.0	206685.0	290491.0	417337.0	627717.0	963437.0	1536513.0	3763032.0	15380484.0	624381.0
	11.0	12.0	13.0	14.0	15.0	16.0	17.0	18.0	19.0	20.0	21.0	22.0	23.0	24.0	25.0	26.0	27.0	28.0	29.0	30.0	31.0	32.0	33.0	34.0	35.0	36.0	37.0
SRR14514177_2	18.0	372.0	1943.0	3483.0	4302.0	4819.0	5725.0	7011.0	9512.0	14839.0	25243.0	41071.0	63605.0	91018.0	122105.0	165194.0	255061.0	414667.0	454425.0	417288.0	492949.0	666813.0	942701.0	1516900.0	3361276.0	12482203.0	2664608.0
	12.0	13.0	14.0	15.0	16.0	17.0	18.0	19.0	20.0	21.0	22.0	23.0	24.0	25.0	26.0	27.0	28.0	29.0	30.0	31.0	32.0	33.0	34.0	35.0	36.0	37.0
SRR14514178_1	1.0	2.0	30.0	100.0	136.0	212.0	296.0	548.0	1117.0	2369.0	5489.0	11488.0	21808.0	38860.0	63905.0	100374.0	149719.0	213503.0	296542.0	404910.0	554490.0	814504.0	1444506.0	4081755.0	17772638.0	658061.0
	11.0	12.0	13.0	14.0	15.0	16.0	17.0	18.0	19.0	20.0	21.0	22.0	23.0	24.0	25.0	26.0	27.0	28.0	29.0	30.0	31.0	32.0	33.0	34.0	35.0	36.0	37.0
SRR14514178_2	5.0	158.0	958.0	1928.0	2476.0	2475.0	2668.0	3436.0	4825.0	8573.0	15888.0	28158.0	45509.0	67697.0	91860.0	118373.0	159461.0	222021.0	308571.0	366663.0	447618.0	594080.0	862771.0	1374069.0	3114447.0	14965821.0	3826854.0
	12.0	13.0	14.0	15.0	16.0	17.0	18.0	19.0	20.0	21.0	22.0	23.0	24.0	25.0	26.0	27.0	28.0	29.0	30.0	31.0	32.0	33.0	34.0	35.0	36.0	37.0
SRR14514179_1	2.0	11.0	81.0	183.0	310.0	421.0	517.0	936.0	1866.0	3955.0	8513.0	17004.0	32545.0	57228.0	94169.0	147642.0	220171.0	312832.0	435318.0	598513.0	843084.0	1217236.0	1963701.0	5477102.0	24847543.0	950923.0
	11.0	12.0	13.0	14.0	15.0	16.0	17.0	18.0	19.0	20.0	21.0	22.0	23.0	24.0	25.0	26.0	27.0	28.0	29.0	30.0	31.0	32.0	33.0	34.0	35.0	36.0	37.0
SRR14514179_2	8.0	142.0	1096.0	2265.0	2844.0	3126.0	3741.0	4999.0	8160.0	14950.0	27196.0	45648.0	69302.0	97586.0	129617.0	165358.0	214306.0	288511.0	400658.0	498408.0	619105.0	823651.0	1186110.0	1941609.0	4463593.0	20762700.0	5457117.0
	12.0	13.0	14.0	15.0	16.0	17.0	18.0	19.0	20.0	21.0	22.0	23.0	24.0	25.0	26.0	27.0	28.0	29.0	30.0	31.0	32.0	33.0	34.0	35.0	36.0	37.0
SRR14514180_1	1.0	4.0	74.0	284.0	558.0	808.0	1037.0	1535.0	2183.0	3552.0	6214.0	11504.0	20571.0	35240.0	57554.0	88936.0	133021.0	189759.0	268115.0	380213.0	564098.0	841647.0	1334099.0	3560529.0	15905709.0	631126.0
	11.0	12.0	13.0	14.0	15.0	16.0	17.0	18.0	19.0	20.0	21.0	22.0	23.0	24.0	25.0	26.0	27.0	28.0	29.0	30.0	31.0	32.0	33.0	34.0	35.0	36.0	37.0
SRR14514180_2	4.0	195.0	1205.0	2520.0	3179.0	3356.0	3667.0	4352.0	5921.0	9209.0	15802.0	26575.0	41357.0	60540.0	81713.0	106319.0	136082.0	173955.0	224073.0	299107.0	407244.0	549721.0	757991.0	1256603.0	2929212.0	13477933.0	3460536.0
	12.0	13.0	14.0	15.0	16.0	17.0	18.0	19.0	20.0	21.0	22.0	23.0	24.0	25.0	26.0	27.0	28.0	29.0	30.0	31.0	32.0	33.0	34.0	35.0	36.0	37.0
SRR14514181_1	2.0	9.0	56.0	151.0	266.0	366.0	596.0	978.0	1709.0	3577.0	7633.0	15051.0	27764.0	47082.0	76288.0	121337.0	181005.0	256464.0	356278.0	484683.0	654344.0	942009.0	1613675.0	4510120.0	22200110.0	967313.0
	11.0	12.0	13.0	14.0	15.0	16.0	17.0	18.0	19.0	20.0	21.0	22.0	23.0	24.0	25.0	26.0	27.0	28.0	29.0	30.0	31.0	32.0	33.0	34.0	35.0	36.0	37.0
SRR14514181_2	4.0	203.0	1223.0	2909.0	3670.0	3978.0	4361.0	5299.0	7593.0	13044.0	22434.0	37303.0	56850.0	79504.0	104147.0	130805.0	162981.0	204575.0	266634.0	355672.0	464854.0	611994.0	856416.0	1409556.0	3355766.0	18568209.0	5738882.0
	13.0	14.0	15.0	16.0	17.0	18.0	19.0	20.0	21.0	22.0	23.0	24.0	25.0	26.0	27.0	28.0	29.0	30.0	31.0	32.0	33.0	34.0	35.0	36.0	37.0
SRR14514182_1	9.0	65.0	147.0	263.0	380.0	599.0	1010.0	2122.0	4679.0	10386.0	21872.0	42570.0	76458.0	128807.0	204852.0	309019.0	439022.0	618141.0	854604.0	1199960.0	1804061.0	3030209.0	8522000.0	39307121.0	1565827.0
	11.0	12.0	13.0	14.0	15.0	16.0	17.0	18.0	19.0	20.0	21.0	22.0	23.0	24.0	25.0	26.0	27.0	28.0	29.0	30.0	31.0	32.0	33.0	34.0	35.0	36.0	37.0
SRR14514182_2	26.0	201.0	1473.0	2787.0	3438.0	3584.0	4149.0	5598.0	8950.0	16168.0	30342.0	53473.0	84917.0	125184.0	170058.0	222086.0	286580.0	373665.0	516333.0	713754.0	908976.0	1162713.0	1632684.0	2730624.0	6613394.0	33396895.0	9076131.0
	13.0	14.0	15.0	16.0	17.0	18.0	19.0	20.0	21.0	22.0	23.0	24.0	25.0	26.0	27.0	28.0	29.0	30.0	31.0	32.0	33.0	34.0	35.0	36.0	37.0
SRR14514183_1	5.0	37.0	102.0	226.0	264.0	387.0	670.0	1322.0	2855.0	6078.0	12339.0	23966.0	41642.0	67856.0	105257.0	155225.0	219963.0	305737.0	420263.0	583871.0	849776.0	1415713.0	4059838.0	17045711.0	608908.0
	11.0	12.0	13.0	14.0	15.0	16.0	17.0	18.0	19.0	20.0	21.0	22.0	23.0	24.0	25.0	26.0	27.0	28.0	29.0	30.0	31.0	32.0	33.0	34.0	35.0	36.0	37.0
SRR14514183_2	5.0	117.0	812.0	1584.0	1936.0	2045.0	2254.0	3106.0	5081.0	9414.0	18030.0	32057.0	50891.0	73083.0	96879.0	121783.0	153554.0	192290.0	242958.0	322653.0	435626.0	588254.0	842401.0	1426470.0	3406902.0	14507723.0	3390103.0
	13.0	14.0	15.0	16.0	17.0	18.0	19.0	20.0	21.0	22.0	23.0	24.0	25.0	26.0	27.0	28.0	29.0	30.0	31.0	32.0	33.0	34.0	35.0	36.0	37.0
SRR14514184_1	7.0	37.0	126.0	211.0	334.0	499.0	745.0	1330.0	3087.0	6880.0	14655.0	27812.0	49907.0	83020.0	132080.0	199555.0	286734.0	406792.0	566268.0	807571.0	1264720.0	2163768.0	5477263.0	21080646.0	724329.0
	11.0	12.0	13.0	14.0	15.0	16.0	17.0	18.0	19.0	20.0	21.0	22.0	23.0	24.0	25.0	26.0	27.0	28.0	29.0	30.0	31.0	32.0	33.0	34.0	35.0	36.0	37.0
SRR14514184_2	12.0	165.0	1208.0	2516.0	3399.0	3807.0	4438.0	5314.0	7375.0	11934.0	21307.0	36104.0	57479.0	85220.0	117447.0	160917.0	234830.0	367949.0	522347.0	538523.0	605655.0	788534.0	1145557.0	1811187.0	4103202.0	18437527.0	4224423.0
	12.0	13.0	14.0	15.0	16.0	17.0	18.0	19.0	20.0	21.0	22.0	23.0	24.0	25.0	26.0	27.0	28.0	29.0	30.0	31.0	32.0	33.0	34.0	35.0	36.0	37.0
SRR14514185_1	2.0	6.0	68.0	241.0	395.0	572.0	842.0	1134.0	1838.0	3382.0	6662.0	12642.0	22643.0	38099.0	60048.0	92730.0	137334.0	196884.0	287382.0	446256.0	730034.0	1048125.0	1477617.0	3576869.0	14971881.0	592274.0
	11.0	12.0	13.0	14.0	15.0	16.0	17.0	18.0	19.0	20.0	21.0	22.0	23.0	24.0	25.0	26.0	27.0	28.0	29.0	30.0	31.0	32.0	33.0	34.0	35.0	36.0	37.0
SRR14514185_2	15.0	236.0	1345.0	2789.0	3778.0	4335.0	5041.0	6493.0	8375.0	12682.0	21119.0	34769.0	53783.0	78767.0	107832.0	146605.0	218153.0	388967.0	559666.0	512124.0	548597.0	673554.0	937168.0	1446782.0	3268459.0	12354966.0	2309560.0
	13.0	14.0	15.0	16.0	17.0	18.0	19.0	20.0	21.0	22.0	23.0	24.0	25.0	26.0	27.0	28.0	29.0	30.0	31.0	32.0	33.0	34.0	35.0	36.0	37.0
SRR14514186_1	8.0	36.0	159.0	343.0	761.0	1271.0	2053.0	3224.0	4577.0	7220.0	12547.0	21965.0	36435.0	58962.0	92184.0	136150.0	194931.0	273038.0	383290.0	563855.0	940792.0	1565252.0	3504678.0	13788126.0	490126.0
	11.0	12.0	13.0	14.0	15.0	16.0	17.0	18.0	19.0	20.0	21.0	22.0	23.0	24.0	25.0	26.0	27.0	28.0	29.0	30.0	31.0	32.0	33.0	34.0	35.0	36.0	37.0
SRR14514186_2	4.0	141.0	946.0	1769.0	2392.0	2952.0	3623.0	4740.0	6879.0	10503.0	17608.0	28731.0	43789.0	63497.0	89964.0	127078.0	207196.0	358674.0	476795.0	546905.0	547712.0	560085.0	717206.0	1120909.0	2602900.0	11730716.0	2808269.0
	14.0	15.0	16.0	17.0	18.0	19.0	20.0	21.0	22.0	23.0	24.0	25.0	26.0	27.0	28.0	29.0	30.0	31.0	32.0	33.0	34.0	35.0	36.0	37.0
SRR14514187_1	16.0	60.0	114.0	120.0	208.0	359.0	676.0	1519.0	3387.0	7154.0	14080.0	25050.0	42860.0	70241.0	106322.0	152054.0	214736.0	298354.0	426124.0	658612.0	1126816.0	2997507.0	11965156.0	418984.0
	11.0	12.0	13.0	14.0	15.0	16.0	17.0	18.0	19.0	20.0	21.0	22.0	23.0	24.0	25.0	26.0	27.0	28.0	29.0	30.0	31.0	32.0	33.0	34.0	35.0	36.0	37.0
SRR14514187_2	5.0	70.0	482.0	1085.0	1493.0	1781.0	2008.0	2616.0	3688.0	6187.0	11037.0	18365.0	29083.0	41983.0	57557.0	79757.0	117018.0	187678.0	246182.0	244327.0	292347.0	396287.0	574109.0	948940.0	2280061.0	10569918.0	2416445.0
	13.0	14.0	15.0	16.0	17.0	18.0	19.0	20.0	21.0	22.0	23.0	24.0	25.0	26.0	27.0	28.0	29.0	30.0	31.0	32.0	33.0	34.0	35.0	36.0	37.0
SRR14514188_1	11.0	98.0	276.0	492.0	712.0	929.0	1237.0	1798.0	3068.0	5769.0	11030.0	20074.0	34205.0	56221.0	87240.0	130251.0	185529.0	261863.0	363875.0	509146.0	756902.0	1276855.0	3498823.0	15460920.0	622127.0
	11.0	12.0	13.0	14.0	15.0	16.0	17.0	18.0	19.0	20.0	21.0	22.0	23.0	24.0	25.0	26.0	27.0	28.0	29.0	30.0	31.0	32.0	33.0	34.0	35.0	36.0	37.0
SRR14514188_2	20.0	277.0	1456.0	2736.0	3110.0	3330.0	3606.0	4691.0	7057.0	12485.0	22937.0	39525.0	60343.0	84123.0	108664.0	134136.0	168864.0	217648.0	279748.0	346885.0	444157.0	587357.0	842724.0	1379691.0	3071636.0	12595038.0	2867207.0
	13.0	14.0	15.0	16.0	17.0	18.0	19.0	20.0	21.0	22.0	23.0	24.0	25.0	26.0	27.0	28.0	29.0	30.0	31.0	32.0	33.0	34.0	35.0	36.0	37.0
SRR14514189_1	4.0	14.0	51.0	101.0	238.0	438.0	942.0	2140.0	4885.0	11132.0	23128.0	43529.0	74583.0	118450.0	183273.0	279492.0	515034.0	1235148.0	1288355.0	1156697.0	1381711.0	1982337.0	4738492.0	19043621.0	733033.0
	11.0	12.0	13.0	14.0	15.0	16.0	17.0	18.0	19.0	20.0	21.0	22.0	23.0	24.0	25.0	26.0	27.0	28.0	29.0	30.0	31.0	32.0	33.0	34.0	35.0	36.0	37.0
SRR14514189_2	6.0	129.0	686.0	1373.0	1873.0	2379.0	3105.0	4661.0	7731.0	14799.0	27549.0	46419.0	68803.0	94775.0	123488.0	159202.0	210900.0	307183.0	515227.0	798290.0	942113.0	1057769.0	1337841.0	2014906.0	4123759.0	16319212.0	4632650.0
	13.0	14.0	15.0	16.0	17.0	18.0	19.0	20.0	21.0	22.0	23.0	24.0	25.0	26.0	27.0	28.0	29.0	30.0	31.0	32.0	33.0	34.0	35.0	36.0	37.0
SRR14514190_1	1.0	31.0	87.0	155.0	233.0	348.0	552.0	951.0	2028.0	4207.0	8914.0	16606.0	29237.0	48980.0	78256.0	118724.0	170410.0	240998.0	332081.0	458769.0	687393.0	1233292.0	3294840.0	13478529.0	495317.0
	11.0	12.0	13.0	14.0	15.0	16.0	17.0	18.0	19.0	20.0	21.0	22.0	23.0	24.0	25.0	26.0	27.0	28.0	29.0	30.0	31.0	32.0	33.0	34.0	35.0	36.0	37.0
SRR14514190_2	2.0	122.0	776.0	1711.0	2361.0	2725.0	3088.0	3638.0	4876.0	8223.0	14005.0	23470.0	37552.0	55238.0	76157.0	102665.0	134818.0	173660.0	226851.0	295954.0	385251.0	496819.0	679829.0	1112580.0	2550197.0	11448210.0	2860161.0
	13.0	14.0	15.0	16.0	17.0	18.0	19.0	20.0	21.0	22.0	23.0	24.0	25.0	26.0	27.0	28.0	29.0	30.0	31.0	32.0	33.0	34.0	35.0	36.0	37.0
SRR14514191_1	5.0	24.0	98.0	163.0	257.0	366.0	621.0	1337.0	2931.0	6321.0	13270.0	25834.0	46188.0	77880.0	124883.0	189746.0	272093.0	381453.0	525628.0	736375.0	1120274.0	1937679.0	5262470.0	20722115.0	726512.0
	11.0	12.0	13.0	14.0	15.0	16.0	17.0	18.0	19.0	20.0	21.0	22.0	23.0	24.0	25.0	26.0	27.0	28.0	29.0	30.0	31.0	32.0	33.0	34.0	35.0	36.0	37.0
SRR14514191_2	8.0	132.0	1018.0	2221.0	2893.0	2985.0	3067.0	3812.0	5478.0	9281.0	17217.0	29665.0	46426.0	67296.0	90502.0	117603.0	154982.0	205978.0	292659.0	419244.0	541848.0	697508.0	986612.0	1649181.0	3880511.0	18153993.0	4792403.0
	12.0	13.0	14.0	15.0	16.0	17.0	18.0	19.0	20.0	21.0	22.0	23.0	24.0	25.0	26.0	27.0	28.0	29.0	30.0	31.0	32.0	33.0	34.0	35.0	36.0	37.0
SRR14514192_1	1.0	5.0	71.0	209.0	328.0	413.0	630.0	1039.0	1992.0	4267.0	9576.0	19626.0	38173.0	67473.0	111294.0	175285.0	261379.0	369039.0	515519.0	709783.0	989963.0	1443396.0	2381297.0	6718599.0	29257344.0	1084209.0
	11.0	12.0	13.0	14.0	15.0	16.0	17.0	18.0	19.0	20.0	21.0	22.0	23.0	24.0	25.0	26.0	27.0	28.0	29.0	30.0	31.0	32.0	33.0	34.0	35.0	36.0	37.0
SRR14514192_2	3.0	127.0	937.0	1943.0	2610.0	2784.0	3134.0	4606.0	7908.0	15326.0	29103.0	50662.0	79097.0	113563.0	151993.0	194371.0	251174.0	335022.0	461564.0	579314.0	730865.0	979117.0	1428858.0	2377332.0	5573631.0	24655305.0	6130561.0
	12.0	13.0	14.0	15.0	16.0	17.0	18.0	19.0	20.0	21.0	22.0	23.0	24.0	25.0	26.0	27.0	28.0	29.0	30.0	31.0	32.0	33.0	34.0	35.0	36.0	37.0
SRR14514193_1	1.0	11.0	74.0	183.0	318.0	381.0	526.0	792.0	1579.0	3348.0	7680.0	16010.0	30833.0	54322.0	89201.0	138826.0	210003.0	310552.0	487646.0	623437.0	781376.0	1090332.0	1801641.0	5127547.0	22557468.0	841157.0
	11.0	12.0	13.0	14.0	15.0	16.0	17.0	18.0	19.0	20.0	21.0	22.0	23.0	24.0	25.0	26.0	27.0	28.0	29.0	30.0	31.0	32.0	33.0	34.0	35.0	36.0	37.0
SRR14514193_2	9.0	203.0	1355.0	2591.0	3091.0	3165.0	3474.0	4516.0	7308.0	13447.0	25232.0	44433.0	70302.0	101760.0	136560.0	174855.0	224558.0	293538.0	391233.0	483205.0	608996.0	815570.0	1185224.0	1978517.0	4639972.0	18773135.0	4188995.0
	13.0	14.0	15.0	16.0	17.0	18.0	19.0	20.0	21.0	22.0	23.0	24.0	25.0	26.0	27.0	28.0	29.0	30.0	31.0	32.0	33.0	34.0	35.0	36.0	37.0
SRR14514194_1	7.0	105.0	353.0	707.0	1129.0	1568.0	2113.0	2781.0	4171.0	6813.0	11304.0	19690.0	32884.0	54014.0	85338.0	130133.0	187437.0	262998.0	362256.0	504555.0	757981.0	1293895.0	3520465.0	16864245.0	718768.0
	11.0	12.0	13.0	14.0	15.0	16.0	17.0	18.0	19.0	20.0	21.0	22.0	23.0	24.0	25.0	26.0	27.0	28.0	29.0	30.0	31.0	32.0	33.0	34.0	35.0	36.0	37.0
SRR14514194_2	19.0	260.0	1715.0	3427.0	4512.0	5010.0	5194.0	6002.0	7647.0	11581.0	18788.0	29815.0	45222.0	63883.0	86858.0	112305.0	141914.0	178738.0	227549.0	297951.0	393658.0	523308.0	732011.0	1230388.0	2945122.0	14109823.0	3643010.0
	13.0	14.0	15.0	16.0	17.0	18.0	19.0	20.0	21.0	22.0	23.0	24.0	25.0	26.0	27.0	28.0	29.0	30.0	31.0	32.0	33.0	34.0	35.0	36.0	37.0
SRR14514195_1	7.0	53.0	173.0	269.0	351.0	544.0	820.0	1439.0	2877.0	5497.0	10583.0	19311.0	32558.0	52459.0	83740.0	124685.0	178654.0	251486.0	346261.0	477490.0	702391.0	1221372.0	3431352.0	14420974.0	539700.0
	11.0	12.0	13.0	14.0	15.0	16.0	17.0	18.0	19.0	20.0	21.0	22.0	23.0	24.0	25.0	26.0	27.0	28.0	29.0	30.0	31.0	32.0	33.0	34.0	35.0	36.0	37.0
SRR14514195_2	10.0	191.0	1170.0	2556.0	3215.0	3372.0	3586.0	4568.0	6373.0	10757.0	18240.0	30231.0	45591.0	65103.0	86169.0	110536.0	143919.0	195116.0	245142.0	298729.0	381683.0	514248.0	734223.0	1197037.0	2731216.0	12086382.0	2985683.0
	13.0	14.0	15.0	16.0	17.0	18.0	19.0	20.0	21.0	22.0	23.0	24.0	25.0	26.0	27.0	28.0	29.0	30.0	31.0	32.0	33.0	34.0	35.0	36.0	37.0
SRR14514196_1	3.0	24.0	51.0	90.0	167.0	251.0	367.0	564.0	1171.0	2319.0	4474.0	8008.0	13488.0	21464.0	32974.0	48229.0	67212.0	93152.0	128521.0	183493.0	288712.0	481587.0	1134330.0	4636261.0	180272.0
	11.0	12.0	13.0	14.0	15.0	16.0	17.0	18.0	19.0	20.0	21.0	22.0	23.0	24.0	25.0	26.0	27.0	28.0	29.0	30.0	31.0	32.0	33.0	34.0	35.0	36.0	37.0
SRR14514196_2	3.0	55.0	381.0	781.0	1091.0	1232.0	1395.0	1660.0	2308.0	3490.0	5839.0	9482.0	14631.0	20475.0	26892.0	33822.0	43062.0	55611.0	76221.0	113765.0	162205.0	206268.0	260989.0	400614.0	904356.0	3981398.0	999158.0
	12.0	13.0	14.0	15.0	16.0	17.0	18.0	19.0	20.0	21.0	22.0	23.0	24.0	25.0	26.0	27.0	28.0	29.0	30.0	31.0	32.0	33.0	34.0	35.0	36.0	37.0
SRR14514197_1	2.0	7.0	18.0	109.0	199.0	280.0	354.0	618.0	1344.0	2986.0	6674.0	13556.0	24938.0	42420.0	69333.0	106448.0	157082.0	220874.0	308954.0	433016.0	626325.0	887476.0	1357855.0	3656052.0	16452160.0	636437.0
	11.0	12.0	13.0	14.0	15.0	16.0	17.0	18.0	19.0	20.0	21.0	22.0	23.0	24.0	25.0	26.0	27.0	28.0	29.0	30.0	31.0	32.0	33.0	34.0	35.0	36.0	37.0
SRR14514197_2	9.0	191.0	1139.0	2096.0	2502.0	2597.0	2946.0	3898.0	6285.0	11983.0	21920.0	36712.0	54479.0	74864.0	97217.0	121909.0	152956.0	194263.0	252703.0	349906.0	475505.0	615025.0	818042.0	1302456.0	3071687.0	13892027.0	3440200.0
	12.0	13.0	14.0	15.0	16.0	17.0	18.0	19.0	20.0	21.0	22.0	23.0	24.0	25.0	26.0	27.0	28.0	29.0	30.0	31.0	32.0	33.0	34.0	35.0	36.0	37.0
SRR14514198_1	1.0	2.0	12.0	49.0	92.0	108.0	164.0	268.0	587.0	1385.0	3067.0	6317.0	12444.0	22361.0	37947.0	61224.0	94057.0	137152.0	195497.0	272759.0	379388.0	571775.0	960138.0	2603396.0	11894844.0	455084.0
	11.0	12.0	13.0	14.0	15.0	16.0	17.0	18.0	19.0	20.0	21.0	22.0	23.0	24.0	25.0	26.0	27.0	28.0	29.0	30.0	31.0	32.0	33.0	34.0	35.0	36.0	37.0
SRR14514198_2	1.0	51.0	408.0	866.0	1070.0	1237.0	1488.0	1938.0	3065.0	5446.0	9997.0	17189.0	26817.0	38709.0	53380.0	72543.0	103764.0	164078.0	213593.0	217138.0	264688.0	361107.0	523861.0	854042.0	2044296.0	10159555.0	2569791.0
	12.0	13.0	14.0	15.0	16.0	17.0	18.0	19.0	20.0	21.0	22.0	23.0	24.0	25.0	26.0	27.0	28.0	29.0	30.0	31.0	32.0	33.0	34.0	35.0	36.0	37.0
SRR14514199_1	1.0	10.0	53.0	165.0	264.0	326.0	429.0	692.0	1118.0	2234.0	4803.0	9745.0	18712.0	32490.0	53641.0	85845.0	130718.0	189236.0	266165.0	366888.0	510211.0	761988.0	1298607.0	3668817.0	15233813.0	545313.0
	11.0	12.0	13.0	14.0	15.0	16.0	17.0	18.0	19.0	20.0	21.0	22.0	23.0	24.0	25.0	26.0	27.0	28.0	29.0	30.0	31.0	32.0	33.0	34.0	35.0	36.0	37.0
SRR14514199_2	11.0	209.0	1173.0	2221.0	2634.0	2713.0	2971.0	3964.0	5698.0	10539.0	19244.0	32684.0	51594.0	73235.0	97696.0	127095.0	170958.0	235415.0	287009.0	344802.0	440524.0	595393.0	842713.0	1366776.0	3128604.0	12581333.0	2755076.0
	11.0	12.0	13.0	14.0	15.0	16.0	17.0	18.0	19.0	20.0	21.0	22.0	23.0	24.0	25.0	26.0	27.0	28.0	29.0	30.0	31.0	32.0	33.0	34.0	35.0	36.0	37.0
SRR14514200_1	1.0	2.0	6.0	66.0	144.0	253.0	302.0	424.0	680.0	1232.0	2864.0	6312.0	13001.0	25258.0	45474.0	75838.0	120639.0	182280.0	258904.0	361704.0	495104.0	681577.0	1001966.0	1683175.0	4772092.0	20581929.0	747977.0
	11.0	12.0	13.0	14.0	15.0	16.0	17.0	18.0	19.0	20.0	21.0	22.0	23.0	24.0	25.0	26.0	27.0	28.0	29.0	30.0	31.0	32.0	33.0	34.0	35.0	36.0	37.0
SRR14514200_2	2.0	109.0	738.0	1554.0	1893.0	2158.0	2500.0	3467.0	5647.0	10819.0	20280.0	34615.0	52964.0	76397.0	101891.0	131283.0	171671.0	232879.0	322021.0	402620.0	509849.0	682918.0	989888.0	1634459.0	3823280.0	17419681.0	4423621.0
	13.0	14.0	15.0	16.0	17.0	18.0	19.0	20.0	21.0	22.0	23.0	24.0	25.0	26.0	27.0	28.0	29.0	30.0	31.0	32.0	33.0	34.0	35.0	36.0	37.0
SRR14514201_1	7.0	64.0	199.0	359.0	513.0	659.0	910.0	1467.0	2693.0	5506.0	10802.0	20262.0	36294.0	59833.0	95814.0	145373.0	211075.0	297700.0	414252.0	584537.0	891481.0	1527674.0	4159593.0	19488545.0	814899.0
	11.0	12.0	13.0	14.0	15.0	16.0	17.0	18.0	19.0	20.0	21.0	22.0	23.0	24.0	25.0	26.0	27.0	28.0	29.0	30.0	31.0	32.0	33.0	34.0	35.0	36.0	37.0
SRR14514201_2	27.0	297.0	1683.0	3301.0	3840.0	3958.0	4186.0	4825.0	6304.0	9756.0	16665.0	27853.0	43853.0	64410.0	88161.0	115296.0	147416.0	189378.0	246829.0	344053.0	468614.0	617662.0	859672.0	1429608.0	3494635.0	16501642.0	4076587.0
	12.0	13.0	14.0	15.0	16.0	17.0	18.0	19.0	20.0	21.0	22.0	23.0	24.0	25.0	26.0	27.0	28.0	29.0	30.0	31.0	32.0	33.0	34.0	35.0	36.0	37.0
SRR14514202_1	1.0	7.0	68.0	198.0	403.0	609.0	776.0	1125.0	1573.0	2808.0	5234.0	10341.0	19339.0	33488.0	55607.0	87578.0	131897.0	189093.0	267897.0	381060.0	555631.0	805611.0	1283114.0	3524587.0	16998034.0	707241.0
	11.0	12.0	13.0	14.0	15.0	16.0	17.0	18.0	19.0	20.0	21.0	22.0	23.0	24.0	25.0	26.0	27.0	28.0	29.0	30.0	31.0	32.0	33.0	34.0	35.0	36.0	37.0
SRR14514202_2	21.0	311.0	1943.0	3833.0	4368.0	4477.0	4710.0	5400.0	6688.0	9959.0	16365.0	26758.0	41348.0	59397.0	79625.0	100823.0	128177.0	162261.0	212300.0	295451.0	404866.0	530512.0	730912.0	1200103.0	2909264.0	14328507.0	3794941.0
	13.0	14.0	15.0	16.0	17.0	18.0	19.0	20.0	21.0	22.0	23.0	24.0	25.0	26.0	27.0	28.0	29.0	30.0	31.0	32.0	33.0	34.0	35.0	36.0	37.0
SRR14514203_1	9.0	43.0	108.0	211.0	272.0	402.0	724.0	1485.0	3234.0	6947.0	14197.0	27180.0	48923.0	81685.0	130893.0	197731.0	282215.0	394500.0	538790.0	738063.0	1085006.0	1920361.0	5596053.0	28841907.0	1232924.0
	11.0	12.0	13.0	14.0	15.0	16.0	17.0	18.0	19.0	20.0	21.0	22.0	23.0	24.0	25.0	26.0	27.0	28.0	29.0	30.0	31.0	32.0	33.0	34.0	35.0	36.0	37.0
SRR14514203_2	24.0	219.0	1510.0	2815.0	3395.0	3291.0	3495.0	4440.0	6611.0	12892.0	24357.0	42418.0	65426.0	92564.0	121607.0	153900.0	202023.0	275036.0	387319.0	485738.0	613014.0	839202.0	1249023.0	1873074.0	4054632.0	23110109.0	7515729.0
	13.0	14.0	15.0	16.0	17.0	18.0	19.0	20.0	21.0	22.0	23.0	24.0	25.0	26.0	27.0	28.0	29.0	30.0	31.0	32.0	33.0	34.0	35.0	36.0	37.0
SRR14514204_1	5.0	23.0	73.0	160.0	224.0	435.0	757.0	1464.0	3157.0	6972.0	13784.0	24337.0	40644.0	66726.0	104660.0	158465.0	225259.0	313512.0	428884.0	585397.0	849378.0	1438068.0	4058815.0	17669854.0	674200.0
	11.0	12.0	13.0	14.0	15.0	16.0	17.0	18.0	19.0	20.0	21.0	22.0	23.0	24.0	25.0	26.0	27.0	28.0	29.0	30.0	31.0	32.0	33.0	34.0	35.0	36.0	37.0
SRR14514204_2	14.0	122.0	816.0	1811.0	2248.0	2381.0	2845.0	3928.0	6178.0	11166.0	20403.0	34342.0	53566.0	76696.0	101452.0	127653.0	160493.0	203374.0	260608.0	343427.0	455973.0	614696.0	888558.0	1490500.0	3465269.0	14749138.0	3587596.0
	12.0	13.0	14.0	15.0	16.0	17.0	18.0	19.0	20.0	21.0	22.0	23.0	24.0	25.0	26.0	27.0	28.0	29.0	30.0	31.0	32.0	33.0	34.0	35.0	36.0	37.0
SRR14514205_1	1.0	10.0	48.0	126.0	296.0	617.0	1000.0	1717.0	2994.0	6101.0	12443.0	22606.0	39615.0	65253.0	104027.0	160462.0	239119.0	332893.0	459571.0	641372.0	921819.0	1317483.0	2035075.0	5411010.0	27161069.0	1181643.0
	11.0	12.0	13.0	14.0	15.0	16.0	17.0	18.0	19.0	20.0	21.0	22.0	23.0	24.0	25.0	26.0	27.0	28.0	29.0	30.0	31.0	32.0	33.0	34.0	35.0	36.0	37.0
SRR14514205_2	15.0	206.0	1395.0	2919.0	3563.0	3886.0	4362.0	5832.0	8953.0	15772.0	28288.0	47727.0	74476.0	104813.0	138825.0	179578.0	247785.0	374784.0	478513.0	528779.0	645845.0	874343.0	1231700.0	1922149.0	4475018.0	22525919.0	6192925.0
	12.0	13.0	14.0	15.0	16.0	17.0	18.0	19.0	20.0	21.0	22.0	23.0	24.0	25.0	26.0	27.0	28.0	29.0	30.0	31.0	32.0	33.0	34.0	35.0	36.0	37.0
SRR14514206_1	1.0	4.0	24.0	109.0	218.0	276.0	427.0	645.0	1168.0	2287.0	4913.0	9786.0	17795.0	30551.0	49763.0	78489.0	119947.0	175666.0	258769.0	390203.0	565461.0	766923.0	1205930.0	3316209.0	13765258.0	513351.0
	11.0	12.0	13.0	14.0	15.0	16.0	17.0	18.0	19.0	20.0	21.0	22.0	23.0	24.0	25.0	26.0	27.0	28.0	29.0	30.0	31.0	32.0	33.0	34.0	35.0	36.0	37.0
SRR14514206_2	6.0	131.0	766.0	1435.0	2005.0	2223.0	2657.0	3670.0	5447.0	9519.0	17051.0	29073.0	46693.0	68530.0	92067.0	119425.0	161712.0	237449.0	316680.0	348454.0	427843.0	572026.0	832509.0	1371730.0	3063607.0	11350606.0	2190859.0
	13.0	14.0	15.0	16.0	17.0	18.0	19.0	20.0	21.0	22.0	23.0	24.0	25.0	26.0	27.0	28.0	29.0	30.0	31.0	32.0	33.0	34.0	35.0	36.0	37.0
SRR14514207_1	9.0	30.0	144.0	258.0	334.0	509.0	778.0	1587.0	3447.0	7566.0	15812.0	30490.0	53877.0	89642.0	142814.0	213305.0	302374.0	418598.0	566028.0	772561.0	1132634.0	1923017.0	5336731.0	26541048.0	1147916.0
	11.0	12.0	13.0	14.0	15.0	16.0	17.0	18.0	19.0	20.0	21.0	22.0	23.0	24.0	25.0	26.0	27.0	28.0	29.0	30.0	31.0	32.0	33.0	34.0	35.0	36.0	37.0
SRR14514207_2	13.0	253.0	1734.0	3436.0	4011.0	3906.0	4044.0	4909.0	7599.0	12975.0	23922.0	41287.0	64456.0	92848.0	123534.0	159604.0	199922.0	250410.0	330204.0	445799.0	567295.0	730901.0	1028557.0	1730326.0	4247228.0	22272356.0	6349980.0
	12.0	13.0	14.0	15.0	16.0	17.0	18.0	19.0	20.0	21.0	22.0	23.0	24.0	25.0	26.0	27.0	28.0	29.0	30.0	31.0	32.0	33.0	34.0	35.0	36.0	37.0
SRR14514208_1	1.0	12.0	90.0	356.0	818.0	1140.0	1528.0	1948.0	2720.0	4122.0	6947.0	12111.0	22080.0	37431.0	59859.0	95106.0	143362.0	213975.0	330911.0	421387.0	542058.0	770436.0	1290872.0	3684309.0	17946745.0	750434.0
	11.0	12.0	13.0	14.0	15.0	16.0	17.0	18.0	19.0	20.0	21.0	22.0	23.0	24.0	25.0	26.0	27.0	28.0	29.0	30.0	31.0	32.0	33.0	34.0	35.0	36.0	37.0
SRR14514208_2	28.0	461.0	2733.0	4737.0	5157.0	4756.0	4903.0	5646.0	7502.0	11655.0	19971.0	33601.0	51947.0	74525.0	98949.0	126262.0	164245.0	218527.0	278305.0	333794.0	430881.0	586653.0	854770.0	1450173.0	3538947.0	14956959.0	3074671.0
	13.0	14.0	15.0	16.0	17.0	18.0	19.0	20.0	21.0	22.0	23.0	24.0	25.0	26.0	27.0	28.0	29.0	30.0	31.0	32.0	33.0	34.0	35.0	36.0	37.0
SRR14514209_1	12.0	94.0	269.0	446.0	596.0	808.0	1290.0	2205.0	4211.0	8304.0	16175.0	28721.0	49095.0	79631.0	126145.0	190026.0	272821.0	384062.0	531733.0	744433.0	1112080.0	1885442.0	5005393.0	21668452.0	895994.0
	11.0	12.0	13.0	14.0	15.0	16.0	17.0	18.0	19.0	20.0	21.0	22.0	23.0	24.0	25.0	26.0	27.0	28.0	29.0	30.0	31.0	32.0	33.0	34.0	35.0	36.0	37.0
SRR14514209_2	33.0	474.0	2465.0	4339.0	5080.0	5319.0	5836.0	7367.0	11025.0	18304.0	32067.0	53441.0	81678.0	115095.0	147953.0	182903.0	227343.0	284705.0	367647.0	491161.0	634458.0	834652.0	1188409.0	1976176.0	4432545.0	17619665.0	4278298.0
	13.0	14.0	15.0	16.0	17.0	18.0	19.0	20.0	21.0	22.0	23.0	24.0	25.0	26.0	27.0	28.0	29.0	30.0	31.0	32.0	33.0	34.0	35.0	36.0	37.0
SRR14514210_1	5.0	48.0	116.0	228.0	372.0	485.0	738.0	1390.0	2900.0	6060.0	12370.0	22449.0	38832.0	63788.0	99833.0	147477.0	207120.0	288622.0	394266.0	542457.0	800521.0	1358601.0	3736102.0	17551533.0	707052.0
	11.0	12.0	13.0	14.0	15.0	16.0	17.0	18.0	19.0	20.0	21.0	22.0	23.0	24.0	25.0	26.0	27.0	28.0	29.0	30.0	31.0	32.0	33.0	34.0	35.0	36.0	37.0
SRR14514210_2	7.0	150.0	893.0	1788.0	2318.0	2447.0	2706.0	3493.0	5141.0	9255.0	16966.0	29892.0	47580.0	69519.0	92667.0	119450.0	155301.0	208889.0	278816.0	332912.0	408656.0	539960.0	781556.0	1265717.0	2993835.0	14907973.0	3705478.0
	13.0	14.0	15.0	16.0	17.0	18.0	19.0	20.0	21.0	22.0	23.0	24.0	25.0	26.0	27.0	28.0	29.0	30.0	31.0	32.0	33.0	34.0	35.0	36.0	37.0
SRR14514211_1	4.0	68.0	208.0	364.0	504.0	652.0	928.0	1475.0	2660.0	5250.0	10330.0	19430.0	33972.0	56607.0	87861.0	130435.0	185452.0	257876.0	352756.0	491520.0	727347.0	1216341.0	3378274.0	16170822.0	689701.0
	11.0	12.0	13.0	14.0	15.0	16.0	17.0	18.0	19.0	20.0	21.0	22.0	23.0	24.0	25.0	26.0	27.0	28.0	29.0	30.0	31.0	32.0	33.0	34.0	35.0	36.0	37.0
SRR14514211_2	13.0	200.0	1111.0	2085.0	2585.0	2513.0	2740.0	3422.0	5059.0	8835.0	15926.0	27607.0	43015.0	62049.0	82081.0	105984.0	134198.0	168745.0	214856.0	278063.0	368314.0	491168.0	699275.0	1195225.0	2900799.0	13552891.0	3452078.0
	12.0	13.0	14.0	15.0	16.0	17.0	18.0	19.0	20.0	21.0	22.0	23.0	24.0	25.0	26.0	27.0	28.0	29.0	30.0	31.0	32.0	33.0	34.0	35.0	36.0	37.0
SRR14514212_1	1.0	13.0	63.0	180.0	301.0	391.0	589.0	990.0	2092.0	4444.0	9139.0	18063.0	34244.0	60119.0	99941.0	158378.0	237575.0	339443.0	472989.0	647236.0	876943.0	1266096.0	2135617.0	6019070.0	25860983.0	941720.0
	11.0	12.0	13.0	14.0	15.0	16.0	17.0	18.0	19.0	20.0	21.0	22.0	23.0	24.0	25.0	26.0	27.0	28.0	29.0	30.0	31.0	32.0	33.0	34.0	35.0	36.0	37.0
SRR14514212_2	9.0	121.0	892.0	1898.0	2531.0	2618.0	3130.0	4452.0	7616.0	13802.0	25614.0	44486.0	69454.0	101555.0	136957.0	175935.0	226571.0	294469.0	398557.0	502187.0	638386.0	858957.0	1254794.0	2096125.0	4936991.0	22002312.0	5386201.0
	13.0	14.0	15.0	16.0	17.0	18.0	19.0	20.0	21.0	22.0	23.0	24.0	25.0	26.0	27.0	28.0	29.0	30.0	31.0	32.0	33.0	34.0	35.0	36.0	37.0
SRR14514213_1	3.0	19.0	61.0	112.0	158.0	240.0	380.0	845.0	1794.0	3938.0	8164.0	15539.0	27521.0	46120.0	74180.0	111790.0	161270.0	230285.0	333412.0	465935.0	637729.0	1017755.0	2894803.0	12362525.0	457617.0
	11.0	12.0	13.0	14.0	15.0	16.0	17.0	18.0	19.0	20.0	21.0	22.0	23.0	24.0	25.0	26.0	27.0	28.0	29.0	30.0	31.0	32.0	33.0	34.0	35.0	36.0	37.0
SRR14514213_2	2.0	90.0	557.0	1085.0	1324.0	1398.0	1678.0	2337.0	3766.0	6545.0	12373.0	22046.0	34515.0	51056.0	69168.0	88887.0	114314.0	143671.0	185591.0	253393.0	346322.0	461746.0	643216.0	1062870.0	2501246.0	10438839.0	2404160.0
	13.0	14.0	15.0	16.0	17.0	18.0	19.0	20.0	21.0	22.0	23.0	24.0	25.0	26.0	27.0	28.0	29.0	30.0	31.0	32.0	33.0	34.0	35.0	36.0	37.0
SRR14514214_1	2.0	31.0	82.0	210.0	255.0	352.0	505.0	897.0	2062.0	4425.0	9019.0	17365.0	31516.0	52312.0	84082.0	126640.0	180783.0	251907.0	345968.0	483982.0	735756.0	1235777.0	3233563.0	14048376.0	537074.0
	11.0	12.0	13.0	14.0	15.0	16.0	17.0	18.0	19.0	20.0	21.0	22.0	23.0	24.0	25.0	26.0	27.0	28.0	29.0	30.0	31.0	32.0	33.0	34.0	35.0	36.0	37.0
SRR14514214_2	14.0	118.0	643.0	1440.0	1832.0	2277.0	2579.0	3400.0	5154.0	8846.0	15732.0	26134.0	38749.0	53450.0	69773.0	89373.0	115009.0	149076.0	202305.0	284492.0	387545.0	497860.0	651586.0	1031642.0	2429055.0	11983512.0	3331345.0
	13.0	14.0	15.0	16.0	17.0	18.0	19.0	20.0	21.0	22.0	23.0	24.0	25.0	26.0	27.0	28.0	29.0	30.0	31.0	32.0	33.0	34.0	35.0	36.0	37.0
SRR14514215_1	6.0	46.0	124.0	221.0	314.0	501.0	839.0	1702.0	3951.0	9006.0	18769.0	37049.0	65328.0	106709.0	167225.0	247729.0	349650.0	486615.0	662657.0	910896.0	1363121.0	2378493.0	6550617.0	29162062.0	1109328.0
	11.0	12.0	13.0	14.0	15.0	16.0	17.0	18.0	19.0	20.0	21.0	22.0	23.0	24.0	25.0	26.0	27.0	28.0	29.0	30.0	31.0	32.0	33.0	34.0	35.0	36.0	37.0
SRR14514215_2	14.0	298.0	1559.0	2889.0	3468.0	3616.0	4225.0	5430.0	8320.0	15298.0	28786.0	50178.0	81071.0	118590.0	161166.0	209947.0	286397.0	410862.0	560430.0	634126.0	762357.0	1011934.0	1462997.0	2325610.0	5317014.0	24288734.0	5877642.0
	12.0	13.0	14.0	15.0	16.0	17.0	18.0	19.0	20.0	21.0	22.0	23.0	24.0	25.0	26.0	27.0	28.0	29.0	30.0	31.0	32.0	33.0	34.0	35.0	36.0	37.0
SRR14514216_1	1.0	12.0	48.0	134.0	309.0	414.0	576.0	841.0	1427.0	2707.0	5820.0	11932.0	23534.0	41588.0	69765.0	109448.0	163349.0	233679.0	324731.0	446389.0	622470.0	919387.0	1533624.0	4385911.0	19312158.0	717993.0
	11.0	12.0	13.0	14.0	15.0	16.0	17.0	18.0	19.0	20.0	21.0	22.0	23.0	24.0	25.0	26.0	27.0	28.0	29.0	30.0	31.0	32.0	33.0	34.0	35.0	36.0	37.0
SRR14514216_2	11.0	146.0	986.0	2059.0	2466.0	2549.0	2877.0	3553.0	5150.0	9307.0	16979.0	29213.0	46001.0	67058.0	90648.0	116561.0	150059.0	196123.0	262501.0	354256.0	463279.0	611855.0	872165.0	1471488.0	3568071.0	16450649.0	4132237.0
	13.0	14.0	15.0	16.0	17.0	18.0	19.0	20.0	21.0	22.0	23.0	24.0	25.0	26.0	27.0	28.0	29.0	30.0	31.0	32.0	33.0	34.0	35.0	36.0	37.0
SRR14514217_1	5.0	19.0	62.0	134.0	204.0	369.0	727.0	1548.0	3219.0	6988.0	14239.0	26133.0	45854.0	75656.0	120762.0	182362.0	259989.0	362975.0	496856.0	692474.0	1053775.0	1787533.0	4685356.0	21090005.0	816639.0
	11.0	12.0	13.0	14.0	15.0	16.0	17.0	18.0	19.0	20.0	21.0	22.0	23.0	24.0	25.0	26.0	27.0	28.0	29.0	30.0	31.0	32.0	33.0	34.0	35.0	36.0	37.0
SRR14514217_2	6.0	85.0	563.0	1148.0	1555.0	1775.0	2192.0	3460.0	5900.0	11564.0	21473.0	37589.0	58091.0	82370.0	111668.0	148609.0	211381.0	334314.0	462755.0	492751.0	592641.0	799924.0	1145660.0	1753999.0	3928860.0	17345218.0	4168332.0
	13.0	14.0	15.0	16.0	17.0	18.0	19.0	20.0	21.0	22.0	23.0	24.0	25.0	26.0	27.0	28.0	29.0	30.0	31.0	32.0	33.0	34.0	35.0	36.0	37.0
SRR14514218_1	10.0	38.0	99.0	181.0	267.0	417.0	720.0	1352.0	3087.0	7087.0	14823.0	28293.0	50373.0	83878.0	132545.0	202795.0	309440.0	510761.0	628335.0	767446.0	1069270.0	1771627.0	5102112.0	22787383.0	840525.0
	11.0	12.0	13.0	14.0	15.0	16.0	17.0	18.0	19.0	20.0	21.0	22.0	23.0	24.0	25.0	26.0	27.0	28.0	29.0	30.0	31.0	32.0	33.0	34.0	35.0	36.0	37.0
SRR14514218_2	10.0	252.0	1506.0	2639.0	2940.0	2939.0	3138.0	4091.0	6386.0	11990.0	22538.0	39428.0	63675.0	94377.0	128619.0	168909.0	227163.0	319373.0	413662.0	479189.0	608977.0	831163.0	1201057.0	2003417.0	4792266.0	19089437.0	3793723.0
	12.0	13.0	14.0	15.0	16.0	17.0	18.0	19.0	20.0	21.0	22.0	23.0	24.0	25.0	26.0	27.0	28.0	29.0	30.0	31.0	32.0	33.0	34.0	35.0	36.0	37.0
SRR14514219_1	1.0	12.0	72.0	295.0	577.0	896.0	1180.0	1621.0	2287.0	3574.0	6144.0	11558.0	20399.0	34073.0	55240.0	85897.0	126932.0	182124.0	254831.0	349941.0	484920.0	718401.0	1204606.0	3343278.0	15814227.0	651005.0
	11.0	12.0	13.0	14.0	15.0	16.0	17.0	18.0	19.0	20.0	21.0	22.0	23.0	24.0	25.0	26.0	27.0	28.0	29.0	30.0	31.0	32.0	33.0	34.0	35.0	36.0	37.0
SRR14514219_2	21.0	283.0	1583.0	3004.0	3653.0	3669.0	3889.0	4776.0	6459.0	11001.0	19060.0	31488.0	47472.0	66889.0	88039.0	111749.0	149443.0	207358.0	251471.0	294164.0	373140.0	504459.0	718849.0	1166158.0	2755398.0	13185177.0	3345439.0
	13.0	14.0	15.0	16.0	17.0	18.0	19.0	20.0	21.0	22.0	23.0	24.0	25.0	26.0	27.0	28.0	29.0	30.0	31.0	32.0	33.0	34.0	35.0	36.0	37.0
SRR14514220_1	3.0	66.0	174.0	329.0	481.0	807.0	1249.0	2036.0	3664.0	7037.0	13075.0	23950.0	40917.0	65961.0	101882.0	150884.0	214773.0	301037.0	423465.0	621364.0	925036.0	1460128.0	3892943.0	15798301.0	558272.0
	11.0	12.0	13.0	14.0	15.0	16.0	17.0	18.0	19.0	20.0	21.0	22.0	23.0	24.0	25.0	26.0	27.0	28.0	29.0	30.0	31.0	32.0	33.0	34.0	35.0	36.0	37.0
SRR14514220_2	13.0	192.0	1144.0	2196.0	2558.0	2772.0	3185.0	4458.0	7130.0	12614.0	22931.0	39134.0	59882.0	85756.0	114455.0	148358.0	205405.0	297352.0	377162.0	451444.0	529785.0	664862.0	925341.0	1505866.0	3421058.0	13014976.0	2707805.0
	12.0	13.0	14.0	15.0	16.0	17.0	18.0	19.0	20.0	21.0	22.0	23.0	24.0	25.0	26.0	27.0	28.0	29.0	30.0	31.0	32.0	33.0	34.0	35.0	36.0	37.0
SRR14514221_1	1.0	11.0	73.0	305.0	593.0	794.0	1022.0	1448.0	2026.0	3503.0	6464.0	11960.0	20938.0	34881.0	55572.0	86419.0	128446.0	185697.0	263693.0	373584.0	535698.0	828856.0	1446796.0	3815438.0	16190354.0	661480.0
	11.0	12.0	13.0	14.0	15.0	16.0	17.0	18.0	19.0	20.0	21.0	22.0	23.0	24.0	25.0	26.0	27.0	28.0	29.0	30.0	31.0	32.0	33.0	34.0	35.0	36.0	37.0
SRR14514221_2	20.0	331.0	1845.0	3496.0	4184.0	4169.0	4750.0	5723.0	7665.0	13021.0	22642.0	37516.0	57388.0	82105.0	108194.0	137822.0	184924.0	267720.0	360281.0	407780.0	507645.0	693302.0	1009838.0	1624481.0	3609435.0	13006229.0	2493546.0
	13.0	14.0	15.0	16.0	17.0	18.0	19.0	20.0	21.0	22.0	23.0	24.0	25.0	26.0	27.0	28.0	29.0	30.0	31.0	32.0	33.0	34.0	35.0	36.0	37.0
SRR14514222_1	9.0	56.0	192.0	366.0	541.0	807.0	1435.0	2654.0	5344.0	10511.0	20722.0	37730.0	63807.0	101907.0	159859.0	239680.0	359359.0	589456.0	730133.0	840869.0	1130850.0	1828110.0	4905546.0	23111804.0	1003462.0
	11.0	12.0	13.0	14.0	15.0	16.0	17.0	18.0	19.0	20.0	21.0	22.0	23.0	24.0	25.0	26.0	27.0	28.0	29.0	30.0	31.0	32.0	33.0	34.0	35.0	36.0	37.0
SRR14514222_2	26.0	375.0	2049.0	3636.0	4213.0	4443.0	5025.0	6842.0	10445.0	18442.0	33358.0	56792.0	89840.0	127618.0	165596.0	206920.0	264798.0	347528.0	452283.0	540038.0	678384.0	881571.0	1248727.0	2055563.0	4713033.0	19163866.0	4063798.0

