Sample	1	2	3	4	5	6	7	8	9	10	12	14	16	18	20	22	24	26	28	30	32	34	36	38	40	42	44	46	48	50	52	54	56	58	60	62	64	66	68	70	72	74	76	78	80	82	84	86	88	90	92	94	96	98	100
SRR14514161_1	0.0005085598115788241	0.05975460606371097	6.32770272471348e-05	0.00019217467534315012	0.0	2.3435936017457336e-06	8.436936966284641e-05	0.0001265540544942696	0.0	0.0	0.0	0.0	0.0	6.32770272471348e-05	0.0	0.0	0.0	0.0	0.0	0.0	0.0	0.0	0.0	0.0	0.0	0.00012538225769339673	0.0	0.0	0.0	0.0	0.0	0.0003456800562574957	0.0	0.0	0.0	0.004340335350433098	0.01556966409319778	0.0008765040070529043	7.030780805237201e-06	0.0	0.0	0.0	0.0	3.5153904026186004e-06	0.0006011317588477806	0.0	0.0	0.0013159278073802292	0.0	0.00015233358411347267	2.5779529619203072e-05	0.0	0.0	0.0	0.0
SRR14514161_2	0.0	0.0	0.0	3.749749762793174e-05	5.390265284015187e-05	5.1559059238406144e-05	0.0009608733767157507	0.0	0.0	0.0	0.00023084396977195474	0.0	1.4061561610474402e-05	0.0	0.0	0.0	0.0	0.0	0.0	0.0012327302345182558	0.0003972391154959019	0.0	0.0	0.0	0.0	0.0	5.390265284015187e-05	0.0	0.0	0.0	0.00015584897451609127	0.0017084797356726395	0.0010557889175864528	0.0	0.0	0.0	0.0	0.0	0.0	0.0	0.0	0.0	0.0	5.2730856039279005e-05	0.0007956500277926765	1.1717968008728668e-06	0.0	0.0	3.9841091229677465e-05	0.0	0.0	0.0	0.0	0.0	0.0
SRR14514162_1	0.000469889219141452	0.05944471550091067	7.085631082291736e-05	0.0002685081252236869	0.0	1.4917118067982603e-05	7.085631082291736e-05	0.00013798334212883906	0.0	0.0	0.0	0.0	0.0	5.407455299643693e-05	0.0	0.0	0.0	0.0	0.0	0.0	0.0	0.0	0.0	0.0	0.0	9.696126744188692e-05	1.8646397584978253e-06	0.0	0.0	0.0	0.0	0.0003729279516995651	0.0	0.0	0.0	0.004340881357782937	0.015635004375004265	0.0009248613202149214	9.323198792489127e-06	0.0	3.7292795169956506e-06	1.8646397584978253e-06	0.0	9.323198792489127e-06	0.0005724444058588324	0.0	0.0	0.0014003444586318668	0.0	0.00014171262164583472	2.7969596377467378e-05	0.0	0.0	0.0	0.0
SRR14514162_2	0.0	0.0	0.0	2.9834236135965205e-05	3.7292795169956506e-05	4.1022074686952154e-05	0.0009435077177998996	0.0	0.0	1.8646397584978253e-06	0.00022002749150274337	0.0	9.323198792489127e-06	0.0	0.0	0.0	0.0	0.0	0.0	0.0011467534514761626	0.00041767930590351287	1.8646397584978253e-06	0.0	0.0	0.0	0.0	4.6615993962445635e-05	0.0	0.0	0.0	0.00017527613729879558	0.0015961316332741386	0.0011337009731666777	0.0	0.0	0.0	0.0	0.0	0.0	0.0	0.0	0.0	0.0	2.7969596377467378e-05	0.0007626376612256105	1.8646397584978253e-06	0.0	0.0	3.542815541145868e-05	0.0	0.0	0.0	0.0	0.0	0.0
SRR14514163_1	0.0010384368994430702	0.06159860652183096	4.901177106515965e-05	4.901177106515965e-05	0.0	3.063235691572478e-06	0.00019911031995221108	6.126471383144956e-06	0.0	0.0	0.0	0.0	0.0	1.684779630364863e-05	0.0	0.0	0.0	0.0	0.0	0.0	0.0	0.0	0.0	0.0	0.0	0.00010415001351346426	2.4505885532579824e-05	0.0	0.0	0.0	0.0	0.0008531111401029352	0.0	0.0	0.0	0.005971777980720546	0.016218301369030484	0.0017858664081867547	3.982206399044222e-05	0.0	0.0	0.0	0.0	0.0	5.973309598566332e-05	0.0	0.0	0.002403108400038609	0.0	9.649192428453306e-05	5.973309598566332e-05	0.0	0.0	1.531617845786239e-06	0.0
SRR14514163_2	0.0	9.189707074717434e-06	6.126471383144956e-06	2.7569121224152305e-05	2.7569121224152305e-05	3.063235691572478e-06	0.0009250971788548884	0.0	0.0	3.063235691572478e-06	1.684779630364863e-05	0.0	6.126471383144956e-05	0.0	0.0	0.0	0.0	0.0	0.0	0.0009266287967006746	0.0009205023253175298	3.063235691572478e-06	0.0	0.0	0.0	0.0	0.0	0.0	0.0	0.0	0.0005942677241650607	0.0012528633978531436	0.001690906101748008	0.0	0.0	0.0	0.0	0.0	0.0	0.0	0.0	0.0	0.0	1.0721324920503675e-05	0.0005529140423288323	1.531617845786239e-06	0.0	0.0	0.0	0.0	0.0	0.0	0.0	0.0	0.0
SRR14514164_1	0.001151152921058819	0.06117259749209328	1.656335138214128e-05	5.3830891991959155e-05	0.0	1.2422513536605959e-05	0.00030228116272407835	0.0	0.0	0.0	0.0	0.0	0.0	1.2422513536605959e-05	0.0	0.0	0.0	0.0	0.0	0.0	0.0	0.0	0.0	0.0	0.0	9.31688515245447e-05	3.933795953258554e-05	0.0	0.0	0.0	0.0	0.0007971112852655491	0.0	0.0	0.0	0.005726778740375347	0.015478451866611023	0.0016894618409784103	5.17604730691915e-05	0.0	0.0	0.0	0.0	0.0	4.9690054146423836e-05	0.0	0.0	0.002283672071812729	0.0	9.31688515245447e-05	7.867591906517108e-05	0.0	0.0	0.0	0.0
SRR14514164_2	0.0	0.0	0.0	4.14083784553532e-05	4.14083784553532e-05	0.0	0.0007991817041883168	0.0	0.0	6.2112567683029795e-06	1.03520946138383e-05	0.0	8.074633798793873e-05	0.0	0.0	0.0	0.0	0.0	0.0	0.0008675055286396494	0.0008654351097168819	2.07041892276766e-06	0.0	0.0	0.0	0.0	0.0	0.0	0.0	0.0	0.0005631539469928034	0.0012029133941280105	0.001625278854372613	0.0	0.0	0.0	0.0	0.0	0.0	0.0	0.0	0.0	0.0	1.03520946138383e-05	0.0004596330008544205	0.0	0.0	0.0	0.0	0.0	0.0	0.0	0.0	0.0	0.0
SRR14514165_1	0.0005241038074083777	0.05996326321692538	7.395329797786926e-05	0.000276521027221598	0.0	1.2861443126585956e-05	7.716865875951575e-05	9.646082344939467e-05	0.0	0.0	0.0	0.0	0.0	5.948417446046005e-05	0.0	0.0	0.0	0.0	0.0	0.0	0.0	0.0	0.0	0.0	0.0	0.00010449922540351088	0.0	0.0	0.0	0.0	0.0	0.00031671303699217916	0.0	0.0	0.0	0.004237845510210073	0.01539997046369586	0.0008585013286996126	6.430721563292978e-06	0.0	0.0	0.0	0.0	4.823041172469734e-06	0.0006141339092944794	0.0	0.0	0.001262029106796247	0.0	0.00016398339986397093	1.9292164689878936e-05	0.0	0.0	0.0	0.0
SRR14514165_2	0.0	0.0	0.0	2.8938247034818403e-05	7.073793719622277e-05	2.5722886253171913e-05	0.0009549621521490072	0.0	0.0	0.0	0.00025079814096842616	0.0	8.038401954116223e-06	0.0	0.0	0.0	0.0	0.0	0.0	0.0012041526127266101	0.0003729818506709927	1.6076803908232445e-06	0.0	0.0	0.0	0.0	4.34073705522276e-05	0.0	0.0	0.0	0.0001655910802547942	0.0017250410593533415	0.0010224847285635835	0.0	0.0	0.0	0.0	0.0	0.0	0.0	0.0	0.0	0.0	4.179969016140436e-05	0.0007732942679859806	0.0	0.0	0.0	3.054592742564165e-05	0.0	0.0	0.0	0.0	0.0	0.0
SRR14514166_1	0.0009660495220303431	0.059462013683591795	0.0	1.6656026241902465e-05	0.0	0.0	0.00016656026241902467	0.0	0.0	0.0	0.0	0.0	0.0	3.331205248380493e-05	0.0	0.0	0.0	0.0	0.0	0.0	0.0	0.0	0.0	0.0	0.0	0.00012492019681426849	2.4984039362853695e-05	0.0	0.0	0.0	0.0	0.000716209128401806	0.0	0.0	0.0	0.005787969119061107	0.015923161087258757	0.0016322905717064415	3.331205248380493e-05	0.0	0.0	0.0	0.0	0.0	3.331205248380493e-05	0.0	0.0	0.0022818755951406378	0.0	7.495211808856109e-05	5.829609184665863e-05	0.0	0.0	0.0	0.0
SRR14514166_2	0.0	1.6656026241902465e-05	0.0	4.996807872570739e-05	4.996807872570739e-05	0.0	0.0008494573383370257	0.0	0.0	8.328013120951232e-06	0.0	0.0	2.4984039362853695e-05	0.0	0.0	0.0	0.0	0.0	0.0	0.0009827055482722453	0.0008161452858532208	8.328013120951232e-06	0.0	0.0	0.0	0.0	0.0	0.0	0.0	0.0	0.00042472866916851284	0.0013074980599893434	0.0015573384536178804	0.0	0.0	0.0	0.0	0.0	0.0	0.0	0.0	0.0	0.0	2.4984039362853695e-05	0.0004913527741361226	8.328013120951232e-06	0.0	0.0	0.0	0.0	0.0	0.0	0.0	0.0	0.0
SRR14514167_1	0.0011086995912112558	0.06242332538814437	3.53840295067422e-05	5.8973382511237006e-05	0.0	1.1794676502247402e-05	0.000256534213923881	0.0	0.0	0.0	0.0	0.0	0.0	1.916634931615203e-05	0.0	0.0	0.0	0.0	0.0	0.0	0.0	0.0	0.0	0.0	0.0	0.00011499809589691217	2.801235669283758e-05	0.0	0.0	0.0	0.0	0.0008344733625340038	0.0	0.0	0.0	0.005686508408646028	0.01569576575536573	0.0017323431112675873	4.865304057177053e-05	0.0	0.0	0.0	0.0	0.0	4.570437144620868e-05	0.0	0.0	0.002289641575998777	0.0	7.666539726460812e-05	6.634505532514163e-05	0.0	0.0	0.0	0.0
SRR14514167_2	0.0	0.0	5.897338251123701e-06	2.3589353004494804e-05	2.3589353004494804e-05	2.9486691255618505e-06	0.0008108840095295088	0.0	0.0	4.423003688342775e-06	1.3269011065028327e-05	0.0	6.192205163679886e-05	0.0	0.0	0.0	0.0	0.0	0.0	0.0008993440832963644	0.0008846007376685552	0.0	0.0	0.0	0.0	0.0	0.0	0.0	0.0	0.0	0.0005646701375450943	0.0012458127055498818	0.0016674723905052266	0.0	0.0	0.0	0.0	0.0	0.0	0.0	0.0	0.0	0.0	1.0320341939466477e-05	0.0004997994167827336	0.0	0.0	0.0	0.0	0.0	0.0	0.0	0.0	0.0	0.0
SRR14514168_1	0.000489688017880393	0.059530053942902	6.121100223504912e-05	0.0002730952407409884	0.0	4.7085386334653165e-06	6.121100223504912e-05	0.00011771346583663292	0.0	0.0	0.0	0.0	0.0	5.885673291831646e-05	0.0	0.0	0.0	0.0	0.0	0.0	0.0	0.0	0.0	0.0	0.0	0.00011065065788643495	0.0	0.0	0.0	0.0	0.0	0.0003319519736593048	0.0	0.0	0.0	0.004270644540553042	0.015406338408698516	0.0008545997619739549	4.7085386334653165e-06	0.0	0.0	0.0	0.0	7.062807950197975e-06	0.0006121100223504912	0.0	0.0	0.001330162163953952	0.0	0.0001294848124202962	1.647988521712861e-05	0.0	0.0	0.0	0.0
SRR14514168_2	0.0	0.0	4.7085386334653165e-06	4.7085386334653166e-05	4.7085386334653166e-05	4.7085386334653166e-05	0.0008569540312906878	0.0	0.0	0.0	0.0002424897396234638	0.0	1.647988521712861e-05	0.0	0.0	0.0	0.0	0.0	0.0	0.0011276950027149435	0.0003625574747768294	0.0	0.0	0.0	0.0	0.0	5.179392496811849e-05	0.0	0.0	0.0	0.0001294848124202962	0.0015538177490435547	0.0010311699607289044	0.0	0.0	0.0	0.0	0.0	0.0	0.0	0.0	0.0	0.0	2.82512318007919e-05	0.0007698460665715793	2.3542693167326582e-06	0.0	0.0	4.473111701792051e-05	0.0	0.0	0.0	0.0	0.0	0.0
SRR14514169_1	0.0005109102579390753	0.059464277243464606	7.805573385180317e-05	0.00023061921365305482	0.0	3.5479879023546897e-06	6.031579434002972e-05	0.0001348235402894782	0.0	0.0	0.0	0.0	0.0	4.612384273061096e-05	1.7739939511773448e-06	0.0	0.0	0.0	0.0	0.0	0.0	0.0	0.0	0.0	0.0	7.982972780298052e-05	0.0	0.0	0.0	0.0	0.0	0.00035834677813782365	0.0	0.0	0.0	0.004546746496867535	0.01606706321581321	0.0009579567336357661	1.2417957658241412e-05	0.0	0.0	0.0	0.0	3.5479879023546897e-06	0.0006723437074962137	0.0	0.0	0.0014085511972348117	0.0	0.00013127555238712352	1.4191951609418759e-05	0.0	0.0	0.0	0.0
SRR14514169_2	0.0	0.0	0.0	3.193189112119221e-05	4.257585482825628e-05	4.612384273061096e-05	0.0009047369151004459	0.0	0.0	3.5479879023546897e-06	0.00026077711082306965	0.0	3.193189112119221e-05	0.0	0.0	0.0	0.0	0.0	0.0	0.0011672880198746929	0.0003956006511125479	1.7739939511773448e-06	0.0	0.0	0.0	0.0	6.386378224238441e-05	0.0	0.0	0.0	0.00019159134672715324	0.0015965945560596105	0.0011442260985093874	0.0	0.0	0.0	0.0	0.0	0.0	0.0	0.0	0.0	0.0	4.257585482825628e-05	0.0007557214232015489	8.869969755886724e-06	0.0	0.0	4.434984877943362e-05	0.0	0.0	0.0	0.0	0.0	0.0
SRR14514170_1	0.0011013470837995306	0.062378654378893256	3.0292454171303394e-05	4.7602427983476766e-05	0.0	8.654986906086684e-06	0.00025748586045607884	0.0	0.0	0.0	0.0	0.0	0.0	1.6228100448912532e-05	0.0	0.0	0.0	0.0	0.0	0.0	0.0	0.0	0.0	0.0	0.0	0.00014388915731369114	3.6783694350868404e-05	0.0	0.0	0.0	0.0	0.000836288109800626	0.0	0.0	0.0	0.006043344607175027	0.016241082929271664	0.0017937460362864653	4.7602427983476766e-05	0.0	0.0	0.0	0.0	0.0	4.976617470999843e-05	0.0	0.0	0.0024699168883244873	0.0	0.00010602358959956189	5.950303497934596e-05	0.0	0.0	0.0	0.0
SRR14514170_2	0.0	2.163746726521671e-06	2.163746726521671e-06	2.8128707444781723e-05	2.8128707444781723e-05	8.654986906086684e-06	0.0009174286120451886	0.0	0.0	3.2456200897825066e-06	1.5146227085651697e-05	0.0	6.058490834260679e-05	0.0	0.0	0.0	0.0	0.0	0.0	0.0009423116994001878	0.0008914636513269285	0.0	0.0	0.0	0.0	0.0	0.0	0.0	0.0	0.0	0.0005474279218099828	0.0012387450009336567	0.0017115236606786417	0.0	0.0	0.0	0.0	0.0	0.0	0.0	0.0	0.0	0.0	2.0555593901955876e-05	0.0005431004283569395	0.0	0.0	0.0	0.0	0.0	0.0	0.0	0.0	0.0	0.0
SRR14514171_1	0.0005720338409739756	0.05941958706212907	6.165634214090756e-05	0.0002226479021754995	0.0	1.0276057023484592e-05	5.823098979974602e-05	0.00010276057023484593	0.0	0.0	0.0	0.0	0.0	5.4805637458584495e-05	1.7126761705807655e-06	0.0	0.0	0.0	0.0	0.0	0.0	0.0	0.0	0.0	0.0	0.00011474930342891128	0.0	0.0	0.0	0.0	0.0	0.0003219831200691839	0.0	0.0	0.0	0.0043176566260341095	0.015462040468003148	0.0009145690750901288	6.850704682323062e-06	0.0	0.0	0.0	0.0	5.138028511742296e-06	0.0006610930018441755	0.0	0.0	0.0013341747368824162	0.0	0.00015756620769343042	2.0552114046969184e-05	0.0	0.0	0.0	0.0
SRR14514171_2	0.0	0.0	0.0	3.767887575277684e-05	6.508169448206908e-05	2.7402818729292248e-05	0.0009453972461605825	0.0	0.0	3.425352341161531e-06	0.00024148734005188793	0.0	8.563380852903826e-06	0.0	0.0	0.0	0.0	0.0	0.0	0.0012160000811123435	0.0003836394622100914	0.0	0.0	0.0	0.0	0.0	5.823098979974602e-05	0.0	0.0	0.0	0.00014557747449936504	0.001669859266316246	0.0011115268347069167	0.0	0.0	0.0	0.0	0.0	0.0	0.0	0.0	0.0	0.0	4.624225660568067e-05	0.0008100958286847021	0.0	0.0	0.0	4.281690426451914e-05	0.0	0.0	0.0	0.0	0.0	0.0
SRR14514172_1	0.0005338337583964596	0.05964029223310357	6.73303839418958e-05	0.00023084703065792846	0.0	4.809313138706843e-06	6.73303839418958e-05	0.00010580488905155055	0.0	0.0	0.0	0.0	0.0	4.0879161679008167e-05	2.4046565693534215e-06	0.0	0.0	0.0	0.0	0.0	0.0	0.0	0.0	0.0	0.0	8.416297992736976e-05	0.0	0.0	0.0	0.0	0.0	0.0003053913843078845	0.0	0.0	0.0	0.00420333968322978	0.015502820902621508	0.0008897229306607659	7.213969708060264e-06	0.0	0.0	0.0	0.0	2.4046565693534215e-06	0.0006348293343093033	0.0	0.0	0.0012985145474508476	0.0	0.0001346607678837916	7.213969708060264e-06	0.0	0.0	0.0	0.0
SRR14514172_2	0.0	0.0	0.0	3.8474505109654743e-05	4.8093131387068436e-05	2.8855878832241058e-05	0.000981099880296196	0.0	0.0	0.0	0.00025008428321275585	0.0	7.213969708060264e-06	0.0	0.0	0.0	0.0	0.0	0.0	0.001163853779567056	0.000382340394527194	0.0	0.0	0.0	0.0	0.0	5.049778795642185e-05	0.0	0.0	0.0	0.0001226374850370245	0.0016519990631458008	0.0010315976682526177	0.0	0.0	0.0	0.0	0.0	0.0	0.0	0.0	0.0	0.0	5.2902444525775276e-05	0.0007863226981785688	0.0	0.0	0.0	3.36651919709479e-05	0.0	0.0	0.0	0.0	0.0	0.0
SRR14514173_1	0.0012088015978267838	0.06242490226801773	3.3577822161855103e-05	4.850129867823515e-05	0.0	2.2385214774570067e-05	0.00020519780210022563	0.0	0.0	0.0	0.0	0.0	0.0	1.4923476516380044e-05	0.0	0.0	0.0	0.0	0.0	0.0	0.0	0.0	0.0	0.0	0.0	9.513716279192279e-05	1.8654345645475056e-05	0.0	0.0	0.0	0.0	0.000774155344287215	0.0	0.0	0.0	0.00569144085643444	0.015874848144299274	0.0017031417574318727	3.544325672640261e-05	0.0	0.0	0.0	0.0	0.0	2.984695303276009e-05	0.0	0.0	0.002275830168747957	0.0	6.52902097591627e-05	6.342477519461519e-05	0.0	0.0	0.0	0.0
SRR14514173_2	0.0	0.0	7.461738258190022e-06	3.3577822161855103e-05	3.730869129095011e-05	1.1192607387285033e-05	0.0008282529466590925	0.0	0.0	7.461738258190022e-06	1.4923476516380044e-05	0.0	5.4097602371877666e-05	0.0	0.0	0.0	0.0	0.0	0.0	0.0008898122872891602	0.0008636962033854951	0.0	0.0	0.0	0.0	0.0	0.0	0.0	0.0	0.0	0.0005241871126378491	0.0011658966028421911	0.0016583713278827325	0.0	0.0	0.0	0.0	0.0	0.0	0.0	0.0	0.0	0.0	5.596303693642517e-06	0.0005185908089442065	1.8654345645475056e-06	0.0	0.0	0.0	0.0	0.0	0.0	0.0	0.0	0.0
SRR14514174_1	0.0005156645058414003	0.05976989769013982	9.774033117255301e-05	0.00023255458106572957	0.0	3.370356247329414e-06	9.099961867789418e-05	0.00011122175616187065	0.0	0.0	0.0	0.0	0.0	5.898123432826474e-05	1.685178123664707e-06	0.0	0.0	0.0	0.0	0.0	0.0	0.0	0.0	0.0	0.0	8.425890618323535e-05	0.0	0.0	0.0	0.0	0.0	0.00030164688413598256	0.0	0.0	0.0	0.004153964074833503	0.015325009856606845	0.0008122558556063888	3.370356247329414e-06	0.0	0.0	0.0	0.0	8.425890618323534e-06	0.0006521639338582416	0.0	0.0	0.0012436614552645538	0.0	0.0001196476467801942	2.0222137483976485e-05	0.0	0.0	0.0	0.0
SRR14514174_2	0.0	0.0	0.0	4.044427496795297e-05	5.0555343709941205e-05	3.707391872062355e-05	0.0009133665430262711	0.0	0.0	3.370356247329414e-06	0.0002662581435390237	0.0	1.0111068741988242e-05	0.0	0.0	0.0	0.0	0.0	0.0	0.001184680220936289	0.0003404059809802708	3.370356247329414e-06	0.0	0.0	0.0	0.0	5.5610878080935326e-05	0.0	0.0	0.0	0.00013312907176951186	0.0016127154643471246	0.0009656070648598771	0.0	0.0	0.0	0.0	0.0	0.0	0.0	0.0	0.0	0.0	3.3703562473294136e-05	0.0007499042650307946	0.0	0.0	0.0	3.707391872062355e-05	0.0	0.0	0.0	0.0	0.0	0.0
SRR14514175_1	0.0009649445772630372	0.06221827466858284	4.1301129766122215e-05	6.38290187294616e-05	0.0	2.2527888963339392e-05	0.00025156142675728985	0.0	0.0	0.0	0.0	0.0	0.0	3.003718528445252e-05	0.0	0.0	0.0	0.0	0.0	0.0	0.0	0.0	0.0	0.0	0.0	0.00014079930602087118	4.5055777926678785e-05	0.0	0.0	0.0	0.0	0.0008203906230816095	0.0	0.0	0.0	0.005795299435819058	0.01586338847835149	0.0017365247742574114	6.38290187294616e-05	0.0	0.0	0.0	0.0	0.0	6.570634280973989e-05	0.0	0.0	0.0023504097485084097	0.0	9.011155585335757e-05	6.946099097029645e-05	0.0	0.0	0.0	0.0
SRR14514175_2	0.0	0.0	1.1263944481669696e-05	4.1301129766122215e-05	4.881042608723534e-05	7.50929632111313e-06	0.0009424166882996978	0.0	0.0	3.754648160556565e-06	2.6282537123895955e-05	0.0	7.50929632111313e-05	0.0	0.0	0.0	0.0	0.0	0.0	0.0009273980956574716	0.0008917289381321843	1.8773240802782824e-06	0.0	0.0	0.0	0.0	0.0	0.0	0.0	0.0	0.0005894797612073807	0.0012540524856258927	0.0016557998388054451	0.0	0.0	0.0	0.0	0.0	0.0	0.0	0.0	0.0	0.0	1.3141268561947978e-05	0.0005406693351201453	5.631972240834848e-06	0.0	0.0	0.0	0.0	0.0	0.0	0.0	0.0	0.0
SRR14514176_1	0.001079491825354728	0.06230473125793109	1.842136220741857e-05	6.263263150522313e-05	0.0	3.6842724414837137e-06	0.0002100035291645717	0.0	0.0	0.0	0.0	0.0	0.0	1.6579225986676714e-05	0.0	0.0	0.0	0.0	0.0	0.0	0.0	0.0	0.0	0.0	0.0	0.00011789671812747884	2.210563464890228e-05	0.0	0.0	0.0	0.0	0.0007865921662567729	0.0	0.0	0.0	0.005970363491424358	0.016166587473230538	0.0018052934963270198	4.6053405518546424e-05	0.0	0.0	0.0	0.0	0.0	5.7106222842997566e-05	0.0	0.0	0.002437146220041477	0.0	7.921185749189984e-05	7.552758505041614e-05	0.0	0.0	0.0	0.0
SRR14514176_2	0.0	0.0	1.4737089765934855e-05	3.315845197335343e-05	3.315845197335343e-05	3.6842724414837137e-06	0.0008215927544508682	0.0	0.0	5.52640866222557e-06	2.3947770869644142e-05	0.0	5.7106222842997566e-05	0.0	0.0	0.0	0.0	0.0	0.0	0.0008676461599694147	0.000876856841073124	1.8421362207418569e-06	0.0	0.0	0.0	0.0	0.0	0.0	0.0	0.0	0.0005231666866906874	0.0011697565001710791	0.0017205552301728943	0.0	0.0	0.0	0.0	0.0	0.0	0.0	0.0	0.0	0.0	1.105281732445114e-05	0.0004973767796003014	0.0	0.0	0.0	0.0	0.0	0.0	0.0	0.0	0.0	0.0
SRR14514177_1	0.0009987968625066557	0.06231749515284295	4.9527117149090364e-05	4.9527117149090364e-05	0.0	8.254519524848395e-06	0.00016096313073454368	0.0	0.0	0.0	0.0	0.0	0.0	8.254519524848395e-06	0.0	0.0	0.0	0.0	0.0	0.0	0.0	0.0	0.0	0.0	0.0	9.079971477333234e-05	1.857266893090889e-05	0.0	0.0	0.0	0.0	0.0008502155110593846	0.0	0.0	0.0	0.005747209219175695	0.015807404890084673	0.001782976217367253	3.920896774302987e-05	0.0	0.0	0.0	0.0	0.0	6.397252631757506e-05	0.0	0.0	0.002412383331136943	0.0	8.460882512969604e-05	4.7463487267878264e-05	0.0	0.0	0.0	0.0
SRR14514177_2	0.0	0.0	4.127259762424197e-06	4.127259762424197e-05	2.8890818336969382e-05	0.0	0.0008832335891587783	0.0	0.0	1.0318149406060493e-05	1.650903904969679e-05	0.0	7.016341596121136e-05	0.0	0.0	0.0	0.0	0.0	0.0	0.0009059335178521114	0.0009141880373769596	4.127259762424197e-06	0.0	0.0	0.0	0.0	0.0	0.0	0.0	0.0	0.0005819436265018118	0.0012030962207466534	0.001696303762356345	0.0	0.0	0.0	0.0	0.0	0.0	0.0	0.0	0.0	0.0	1.0318149406060493e-05	0.0005468619185212062	2.0636298812120986e-06	0.0	0.0	0.0	0.0	0.0	0.0	0.0	0.0	0.0
SRR14514178_1	0.0005368399266849351	0.05905990018606572	6.006600578292978e-05	0.00029657590355321585	0.0	1.1262376084299336e-05	8.634488331296156e-05	0.00010136138475869402	0.0	0.0	0.0	0.0	0.0	5.068069237934701e-05	0.0	0.0	0.0	0.0	0.0	0.0	0.0	0.0	0.0	0.0	0.0	0.00012576319960800925	0.0	0.0	0.0	0.0	0.0	0.0003416254078904132	0.0	0.0	0.0	0.004221513968931534	0.015382528668472176	0.0008709570838524819	3.7541253614331114e-06	0.0	0.0	0.0	0.0	0.0	0.0005668729295763999	0.0	0.0	0.001317698001863022	0.0	0.00016893564126449004	2.4401814849315226e-05	0.0	0.0	0.0	0.0
SRR14514178_2	0.0	0.0	0.0	1.877062680716556e-05	4.5049504337197345e-05	5.631188042149668e-05	0.0009648102178883098	0.0	0.0	1.8770626807165557e-06	0.00018582920539093905	0.0	1.5016501445732446e-05	0.0	0.0	0.0	0.0	0.0	0.0	0.0011956889276164462	0.00037728959882402774	0.0	0.0	0.0	0.0	0.0	4.5049504337197345e-05	0.0	0.0	0.0	0.00018019801734878938	0.0016818481619220343	0.0010154909102676568	0.0	0.0	0.0	0.0	0.0	0.0	0.0	0.0	0.0	0.0	4.880362969863045e-05	0.0008165222661117018	0.0	0.0	0.0	3.191006557218145e-05	0.0	0.0	0.0	0.0	0.0	0.0
SRR14514179_1	0.0005371751238712406	0.05881261843704278	5.9089263625836475e-05	0.00022561355202592106	0.0	1.0743502477424812e-05	7.520451734197368e-05	0.00011280677601296053	0.0	0.0	0.0	0.0	0.0	6.580395267422697e-05	4.028813429034305e-06	0.0	0.0	0.0	0.0	0.0	0.0	0.0	0.0	0.0	0.0	0.00011280677601296053	0.0	0.0	0.0	0.0	0.0	0.00033036270118081296	0.0	0.0	0.0	0.004288000426302179	0.015713715311043465	0.0008688807628617317	6.714689048390508e-06	0.0	0.0	0.0	0.0	4.028813429034305e-06	0.0006150655168325706	0.0	0.0	0.0012892202972909776	0.0	0.0001705531018291189	1.611525371613722e-05	0.0	0.0	0.0	0.0
SRR14514179_2	0.0	0.0	2.685875619356203e-06	5.103163676776786e-05	5.3717512387124064e-05	4.834576114841166e-05	0.0010421197403102068	0.0	0.0	1.3429378096781015e-06	0.00022158473859688676	0.0	1.0743502477424812e-05	0.0	0.0	0.0	0.0	0.0	0.0	0.0011992434640425446	0.0003787084623292246	1.3429378096781015e-06	0.0	0.0	0.0	0.0	5.2374574577445956e-05	0.0	0.0	0.0	0.00016249547497105028	0.001692101640194408	0.0010501773671682754	0.0	0.0	0.0	0.0	0.0	0.0	0.0	0.0	0.0	0.0	5.3717512387124064e-05	0.0008232208773326763	2.685875619356203e-06	0.0	0.0	3.894519648066494e-05	0.0	0.0	0.0	0.0	0.0	0.0
SRR14514180_1	0.0010108838073927722	0.06241271507125005	2.0800078341415065e-05	6.65602506925282e-05	0.0	2.0800078341415065e-05	0.00023712089309213175	0.0	0.0	0.0	0.0	0.0	0.0	3.12001175121226e-05	0.0	0.0	0.0	0.0	0.0	0.0	0.0	0.0	0.0	0.0	0.0	0.00011024041520949984	2.912010967798109e-05	0.0	0.0	0.0	0.0	0.0009089634235198383	0.0	0.0	0.0	0.005952982421312991	0.015999420260216467	0.0018740870585614974	4.784018018525465e-05	0.0	0.0	0.0	0.0	0.0	6.032022719010369e-05	0.0	0.0	0.0024377691816138453	0.0	9.152034470222628e-05	5.824021935596218e-05	0.0	0.0	0.0	0.0
SRR14514180_2	0.0	4.160015668283013e-06	0.0	5.408020368767917e-05	4.576017235111314e-05	8.320031336566026e-06	0.0008985633843491309	0.0	0.0	4.160015668283013e-06	2.7040101843839584e-05	0.0	5.408020368767917e-05	0.0	0.0	0.0	0.0	0.0	0.0	0.0009380835331978195	0.0009713636585440835	0.0	0.0	0.0	0.0	0.0	0.0	0.0	0.0	0.0	0.0006552024677545746	0.0013166449590115736	0.0017700866668544223	0.0	0.0	0.0	0.0	0.0	0.0	0.0	0.0	0.0	0.0	1.4560054838990544e-05	0.0005616021152182067	0.0	0.0	0.0	0.0	0.0	0.0	0.0	0.0	0.0	0.0
SRR14514181_1	0.0010040387613167643	0.062478313840711286	2.7718861508745023e-05	4.311822901360337e-05	0.0	1.2319494003886678e-05	0.00022483076557093187	0.0	0.0	0.0	0.0	0.0	0.0	2.001917775631585e-05	0.0	0.0	0.0	0.0	0.0	0.0	0.0	0.0	0.0	0.0	0.0	0.00011703519303692343	2.925879825923086e-05	0.0	0.0	0.0	0.0	0.0008623645802720674	0.0	0.0	0.0	0.006116628772929736	0.016341808796155675	0.0018710231518402891	3.695848201166003e-05	0.0	0.0	0.0	0.0	0.0	5.543772301749005e-05	0.0	0.0	0.0024731384212802504	0.0	9.855595203109343e-05	6.313740676991922e-05	0.0	0.0	0.0	0.0
SRR14514181_2	0.0	0.0	3.0798735009716696e-06	2.1559114506801686e-05	4.619810251457504e-05	0.0	0.0009178023032895575	0.0	0.0	0.0	2.309905125728752e-05	0.0	5.543772301749005e-05	0.0	0.0	0.0	0.0	0.0	0.0	0.0009147224297885858	0.0009193422400400433	0.0	0.0	0.0	0.0	0.0	0.0	0.0	0.0	0.0	0.0005790162181826738	0.0011749717406206919	0.0017755470733101673	0.0	0.0	0.0	0.0	0.0	0.0	0.0	0.0	0.0	0.0	1.5399367504858345e-05	0.0005589970404263579	0.0	0.0	0.0	0.0	0.0	0.0	0.0	0.0	0.0	0.0
SRR14514182_1	0.0011901448507755281	0.06068534835204409	3.09575250201727e-05	6.36349125414661e-05	0.0	5.1595875033621165e-06	0.00026829855017483005	0.0	0.0	0.0	0.0	0.0	0.0	1.547876251008635e-05	0.0	0.0	0.0	0.0	0.0	0.0	0.0	0.0	0.0	0.0	0.0	0.00014704824384582032	4.127670002689693e-05	0.0	0.0	0.0	0.0	0.000816934688032335	0.0	0.0	0.0	0.005941265010121477	0.016146069160521182	0.0018092953511789822	6.019518753922469e-05	0.0	0.0	0.0	0.0	0.0	5.331573753474187e-05	0.0	0.0	0.00241382702032291	0.0	0.00010921126882116479	7.051436254594892e-05	0.0	0.0	1.7198625011207054e-06	0.0
SRR14514182_2	0.0	5.1595875033621165e-06	3.439725002241411e-06	3.26773875212934e-05	2.7517800017931287e-05	1.7198625011207054e-06	0.0009029278130883704	0.0	0.0	6.019518753922469e-06	2.321814376512952e-05	0.0	6.277498129090574e-05	0.0	0.0	0.0	0.0	0.0	0.0	0.0009123870568445343	0.0008745500818198787	1.7198625011207054e-06	0.0	0.0	0.0	0.0	0.0	0.0	0.0	0.0	0.0005623950378664706	0.0012322814820529854	0.0017327614698791106	0.0	0.0	0.0	0.0	0.0	0.0	0.0	0.0	0.0	0.0	1.4618831259525995e-05	0.0005271378565934962	1.7198625011207054e-06	0.0	0.0	0.0	0.0	0.0	0.0	0.0	0.0	0.0
SRR14514183_1	0.0004898177496144998	0.0586508544754937	7.713665348259841e-05	0.00021598262975127557	0.0	1.1570498022389762e-05	0.00010027764952737794	0.00011956181289802754	0.0	0.0	0.0	0.0	0.0	5.013882476368897e-05	0.0	0.0	0.0	0.0	0.0	0.0	0.0	0.0	0.0	0.0	0.0	0.0001214902292350925	0.0	0.0	0.0	0.0	0.0	0.0002834772015485492	0.0	0.0	0.0	0.004203947614801614	0.015421545447508487	0.0008157201105784783	1.9284163370649606e-06	0.0	0.0	0.0	0.0	1.9284163370649606e-06	0.0006710888852986061	0.0	0.0	0.0012881821131593937	0.0	0.0001369175599316122	1.1570498022389762e-05	0.0	0.0	0.0	0.0
SRR14514183_2	0.0	0.0	0.0	5.013882476368897e-05	6.170932278607874e-05	5.7852490111948816e-05	0.0009834923319031299	0.0	0.0	0.0	0.00029311928323387396	0.0	9.642081685324801e-06	0.0	0.0	0.0	0.0	0.0	0.0	0.0012110454596767951	0.0003220455282898484	1.9284163370649606e-06	0.0	0.0	0.0	0.0	6.36377391231437e-05	0.0	0.0	0.0	0.00014270280894280709	0.0016642232988870608	0.0010047049116108442	0.0	0.0	0.0	0.0	0.0	0.0	0.0	0.0	0.0	0.0	6.36377391231437e-05	0.0007790802001742441	3.856832674129921e-06	0.0	0.0	5.013882476368897e-05	0.0	0.0	0.0	0.0	0.0	0.0
SRR14514184_1	0.0005075322592309006	0.0588286948288409	9.309763335004687e-05	0.0002162267613291411	0.0	6.006298925809475e-06	6.0062989258094755e-05	0.0001441511742194274	0.0	0.0	0.0	0.0	0.0	4.9551966137928165e-05	1.5015747314523688e-06	0.0	0.0	0.0	0.0	0.0	0.0	0.0	0.0	0.0	0.0	0.00013364015109926082	0.0	0.0	0.0	0.0	0.0	0.0003168322683364498	0.0	0.0	0.0	0.004117317913642395	0.015239481949510091	0.000851392872733493	9.009448388714213e-06	0.0	0.0	0.0	0.0	3.0031494629047377e-06	0.000606636191506757	0.0	0.0	0.0012628243491514422	0.0	0.00015015747314523688	1.3514172583071318e-05	0.0	0.0	0.0	0.0
SRR14514184_2	0.0	0.0	3.0031494629047377e-06	3.904094301776159e-05	6.606928818390422e-05	3.303464409195211e-05	0.0009700172765182303	0.0	0.0	0.0	0.0002447566812267361	0.0	1.9520471508880794e-05	0.0	0.0	0.0	0.0	0.0	0.0	0.001201259785161895	0.000354371636622759	4.504724194357106e-06	0.0	0.0	0.0	0.0	4.9551966137928165e-05	0.0	0.0	0.0	0.00013514172583071319	0.0016847668486895575	0.001018067667924706	0.0	0.0	0.0	0.0	0.0	0.0	0.0	0.0	0.0	0.0	5.705983979519001e-05	0.0007958346076697555	6.006298925809475e-06	0.0	0.0	4.354566721211869e-05	0.0	0.0	0.0	0.0	0.0	0.0
SRR14514185_1	0.001105207298080314	0.06268043985563124	4.2183484659553964e-05	8.014862085315253e-05	0.0	0.0	0.00030793943801474396	0.0	0.0	0.0	0.0	0.0	0.0	8.436696931910794e-06	0.0	0.0	0.0	0.0	0.0	0.0	0.0	0.0	0.0	0.0	0.0	0.00010334953741590723	3.796513619359857e-05	0.0	0.0	0.0	0.0	0.0008668706097538341	0.0	0.0	0.0	0.005747499784864228	0.015700692990285987	0.0017590513103034006	5.2729355824442464e-05	0.0	0.0	0.0	0.0	0.0	7.171192392124174e-05	0.0	0.0	0.002334855875906312	0.0	7.171192392124174e-05	5.062018159146476e-05	0.0	0.0	0.0	0.0
SRR14514185_2	0.0	0.0	4.218348465955397e-06	3.374678772764318e-05	5.062018159146476e-05	8.436696931910794e-06	0.0007719577692698376	0.0	0.0	4.218348465955397e-06	1.8982568096799284e-05	0.0	5.062018159146476e-05	0.0	0.0	0.0	0.0	0.0	0.0	0.0007951586858325922	0.0009069449201804103	2.1091742329776986e-06	0.0	0.0	0.0	0.0	0.0	0.0	0.0	0.0	0.0005378394294093131	0.0011009889496143585	0.0016789026894502479	0.0	0.0	0.0	0.0	0.0	0.0	0.0	0.0	0.0	0.0	1.4764219630843888e-05	0.0004450357631582944	2.1091742329776986e-06	0.0	0.0	0.0	0.0	0.0	0.0	0.0	0.0	0.0
SRR14514186_1	0.0004800293524363278	0.05848206657889375	9.962873352452086e-05	0.0001766145730661961	0.0	9.057157593138261e-06	3.170005157598391e-05	0.0001313287851005048	0.0	0.0	0.0	0.0	0.0	4.755007736397587e-05	2.2642893982845653e-06	0.0	0.0	0.0	0.0	0.0	0.0	0.0	0.0	0.0	0.0	9.962873352452086e-05	2.2642893982845653e-06	0.0	0.0	0.0	0.0	0.00028530046418385525	0.0	0.0	0.0	0.004250071200580129	0.015345089252174498	0.0008830728653309805	1.1321446991422826e-05	0.0	0.0	0.0	0.0	4.528578796569131e-06	0.0006679653724939468	0.0	0.0	0.001317816429801617	0.0	0.0001630288366764887	2.264289398284565e-05	0.0	0.0	0.0	0.0
SRR14514186_2	0.0	0.0	0.0	5.88715243553987e-05	5.88715243553987e-05	4.075720916912218e-05	0.0009419443896863792	0.0	0.0	0.0	0.00022416465043017194	0.0	1.1321446991422826e-05	0.0	0.0	0.0	0.0	0.0	0.0	0.001197809091692535	0.0003577577249289613	0.0	0.0	0.0	0.0	0.0	5.660723495711413e-05	0.0	0.0	0.0	0.00013359307449878935	0.0016529312607477325	0.001046101702007469	0.0	0.0	0.0	0.0	0.0	0.0	0.0	0.0	0.0	0.0	4.075720916912218e-05	0.0008106156045858743	4.528578796569131e-06	0.0	0.0	4.755007736397587e-05	0.0	0.0	0.0	0.0	0.0	0.0
SRR14514187_1	0.00044251347871771896	0.058978412303731104	0.0001187231284364612	0.0002752217977390691	0.0	0.0	8.634409340833541e-05	9.713710508437733e-05	0.0	0.0	0.0	0.0	0.0	4.587029962317818e-05	2.6982529190104817e-06	0.0	0.0	0.0	0.0	0.0	0.0	0.0	0.0	0.0	0.0	0.00012411963427448217	0.0	0.0	0.0	0.0	0.0	0.0003426781207143312	0.0	0.0	0.0	0.004298316899983697	0.015595901871880584	0.0009120094866255428	1.0793011676041927e-05	0.0	0.0	0.0	0.0	2.6982529190104817e-06	0.0006313911830484527	0.0	0.0	0.0013329369419911778	0.0	0.00016459342805963937	1.888777043307337e-05	0.0	0.0	0.0	0.0
SRR14514187_2	0.0	0.0	5.396505838020963e-06	3.2379035028125775e-05	3.777554086614674e-05	5.93615642182306e-05	0.0009659745450057524	0.0	0.0	2.6982529190104817e-06	0.00025093752146797477	0.0	1.888777043307337e-05	0.0	0.0	0.0	0.0	0.0	0.0	0.0011467574905794546	0.00037235890282344647	0.0	0.0	0.0	0.0	0.0	5.93615642182306e-05	0.0	0.0	0.0	0.000145705657626566	0.0016027622338922263	0.0010523186384140879	0.0	0.0	0.0	0.0	0.0	0.0	0.0	0.0	0.0	0.0	6.205981713724109e-05	0.0007959846111080921	2.6982529190104817e-06	0.0	0.0	3.507728794713626e-05	0.0	0.0	0.0	0.0	0.0	0.0
SRR14514188_1	0.0012580803214296463	0.061555766170701055	3.4350315943471575e-05	8.158200036574498e-05	0.0	4.293789492933947e-06	0.00020180810616789548	0.0	0.0	0.0	0.0	0.0	0.0	1.7175157971735787e-05	0.0	0.0	0.0	0.0	0.0	0.0	0.0	0.0	0.0	0.0	0.0	0.00012451989529508445	3.0056526450537625e-05	0.0	0.0	0.0	0.0	0.0008415827406150536	0.0	0.0	0.0	0.005725768288827418	0.015955721755742548	0.0017647474815958523	4.508478967580644e-05	0.0	0.0	0.0	0.0	0.0	6.011305290107525e-05	0.0	0.0	0.002331527694663133	0.0	7.943510561927801e-05	6.655373714047618e-05	0.0	0.0	0.0	0.0
SRR14514188_2	0.0	0.0	8.587578985867894e-06	4.293789492933947e-05	3.4350315943471575e-05	0.0	0.0008244075826433178	0.0	0.0	1.0734473732334867e-05	2.7909631704070655e-05	0.0	7.514131612634407e-05	0.0	0.0	0.0	0.0	0.0	0.0	0.0008265544773897847	0.000893108214530261	2.1468947464669734e-06	0.0	0.0	0.0	0.0	0.0	0.0	0.0	0.0	0.0005989836342642855	0.0011056507944304911	0.0016831654812301071	0.0	0.0	0.0	0.0	0.0	0.0	0.0	0.0	0.0	0.0	1.7175157971735787e-05	0.00047016994947626724	0.0	0.0	0.0	0.0	0.0	0.0	0.0	0.0	0.0	0.0
SRR14514189_1	0.0005180269098524696	0.05982296643660989	7.618042791948082e-05	0.00020111632970742937	0.0	1.2188868467116932e-05	6.399155945236389e-05	0.00013407755313828626	0.0	0.0	0.0	0.0	0.0	3.504299684296118e-05	1.5236085583896166e-06	0.0	0.0	0.0	0.0	0.0	0.0	0.0	0.0	0.0	0.0	0.00011122342476244199	1.5236085583896166e-06	0.0	0.0	0.0	0.0	0.00036414244545511835	0.0	0.0	0.0	0.0043331427400600695	0.01567945567438754	0.0009065470922418219	9.1416513503377e-06	0.0	1.5236085583896166e-06	0.0	0.0	3.047217116779233e-06	0.0006566752886659246	0.0	0.0	0.001354488008408369	0.0	0.00013255394457989663	2.5901345492623478e-05	0.0	0.0	0.0	0.0
SRR14514189_2	0.0	0.0	0.0	3.65666054013508e-05	7.31332108027016e-05	7.618042791948082e-05	0.000969015043135796	0.0	0.0	1.5236085583896166e-06	0.00026206067204301406	0.0	9.1416513503377e-06	0.0	0.0	0.0	0.0	0.0	0.0	0.0011899382841022903	0.00040223265941485874	1.5236085583896166e-06	0.0	0.0	0.0	0.0	5.789712521880542e-05	0.0	0.0	0.0	0.00015845529007252012	0.0017186304538634874	0.0010863329021317965	0.0	0.0	0.0	0.0	0.0	0.0	0.0	0.0	0.0	0.0	5.027908242685734e-05	0.0007755167562203147	6.094434233558466e-06	0.0	0.0	4.723186531007811e-05	0.0	0.0	0.0	0.0	0.0	0.0
SRR14514190_1	0.0005410382591823492	0.05897317025087606	4.347628868429591e-05	0.0002801805270765737	0.0	9.661397485399092e-06	6.27990836550941e-05	0.00014492096228098638	0.0	0.0	0.0	0.0	0.0	3.381489119889682e-05	0.0	0.0	0.0	0.0	0.0	0.0	0.0	0.0	0.0	0.0	0.0	8.453722799724207e-05	0.0	0.0	0.0	0.0	0.0	0.00031882611701817003	0.0	0.0	0.0	0.004282414435403148	0.01583503047856911	0.0008695257736859182	7.24604811404932e-06	0.0	0.0	0.0	0.0	4.830698742699546e-06	0.0005796838491239455	0.0	0.0	0.0012318281793883843	0.0	0.00012318281793883843	1.449209622809864e-05	0.0	0.0	0.0	0.0
SRR14514190_2	0.0	0.0	4.830698742699546e-06	3.864558994159637e-05	2.415349371349773e-05	4.347628868429591e-05	0.0009226634598556132	0.0	0.0	0.0	0.000234288889020928	0.0	7.24604811404932e-06	0.0	0.0	0.0	0.0	0.0	0.0	0.0012197514325316353	0.0003864558994159637	2.415349371349773e-06	0.0	0.0	0.0	0.0	3.381489119889682e-05	0.0	0.0	0.0	0.0001352595647955873	0.0016762524637167426	0.001031354181566353	0.0	0.0	0.0	0.0	0.0	0.0	0.0	0.0	0.0	0.0	3.381489119889682e-05	0.0008139727381448735	0.0	0.0	0.0	2.1738144342147956e-05	0.0	0.0	0.0	0.0	0.0	0.0
SRR14514191_1	0.000562556902552992	0.059239417473259816	6.837708207826422e-05	0.00031080491853756467	0.0	3.108049185375646e-06	7.770122963439117e-05	0.00013675416415652843	0.0	0.0	0.0	0.0	0.0	5.4390860744073814e-05	0.0	0.0	0.0	0.0	0.0	0.0	0.0	0.0	0.0	0.0	0.0	0.00010256562311739634	3.108049185375646e-06	0.0	0.0	0.0	0.0	0.00031235894313025244	0.0	0.0	0.0	0.004198974449442498	0.015358425049533756	0.0008733618210905566	6.216098370751292e-06	0.0	3.108049185375646e-06	0.0	0.0	1.2432196741502585e-05	0.0006402581321873832	0.0	0.0	0.0012758541905967028	0.0	0.00016783465601028492	4.506671318794687e-05	0.0	0.0	0.0	0.0
SRR14514191_2	0.0	0.0	0.0	4.3512688595259046e-05	4.3512688595259046e-05	3.729659022450776e-05	0.0009541710999103235	0.0	0.0	1.554024592687823e-06	0.00022844161512511002	0.0	9.32414755612694e-06	0.0	0.0	0.0	0.0	0.0	0.0	0.0011826127150354334	0.00036053370550357495	3.108049185375646e-06	0.0	0.0	0.0	0.0	4.817476237332252e-05	0.0	0.0	0.0	0.00014452428711996757	0.0016488200928417803	0.001028764280359339	0.0	0.0	0.0	0.0	0.0	0.0	0.0	0.0	0.0	0.0	5.128281155869817e-05	0.0007428237553047795	4.66207377806347e-06	0.0	0.0	3.108049185375646e-05	0.0	0.0	0.0	0.0	0.0	0.0
SRR14514192_1	0.0005366737234354999	0.059554932178707366	8.378450534647044e-05	0.00025814685431074677	0.0	4.528892180890294e-06	7.246227489424471e-05	0.0001494534419693797	0.0	0.0	0.0	0.0	0.0	5.887559835157382e-05	0.0	0.0	0.0	0.0	0.0	0.0	0.0	0.0	0.0	0.0	0.0	9.85034049343639e-05	2.264446090445147e-06	0.0	0.0	0.0	0.0	0.00031022911439098516	0.0	0.0	0.0	0.004260555319172544	0.01539370452284611	0.0008514317300073753	1.0190007407003163e-05	0.0	2.264446090445147e-06	0.0	0.0	5.661115226112868e-06	0.0006351771283698638	0.0	0.0	0.0012816764871919533	0.0	0.00013586676542670883	1.8115568723561177e-05	0.0	0.0	0.0	0.0
SRR14514192_2	0.0	0.0	2.264446090445147e-06	3.1702245266232057e-05	5.887559835157382e-05	6.114004444201898e-05	0.0009578606962582973	0.0	0.0	0.0	0.0002604113004011919	0.0	1.4718899587893456e-05	0.0	0.0	0.0	0.0	0.0	0.0	0.0011967597588002602	0.0003645758205616687	0.0	0.0	0.0	0.0	0.0	6.453671357768669e-05	0.0	0.0	0.0	0.00016077567242160545	0.0016768223299746315	0.001008810733293313	0.0	0.0	0.0	0.0	0.0	0.0	0.0	0.0	0.0	0.0	4.528892180890294e-05	0.0007982172468819143	4.528892180890294e-06	0.0	0.0	4.755336789934809e-05	0.0	0.0	0.0	0.0	0.0	0.0
SRR14514193_1	0.0004798795291702965	0.05932071765164281	5.8521893801255675e-05	0.00026920071148577604	0.0	5.852189380125567e-06	5.8521893801255675e-05	0.00013460035574288802	0.0	0.0	0.0	0.0	0.0	4.242837300591036e-05	1.4630473450313918e-06	0.0	0.0	0.0	0.0	0.0	0.0	0.0	0.0	0.0	0.0	0.00010241331415219742	1.4630473450313918e-06	0.0	0.0	0.0	0.0	0.0003233334632519376	0.0	0.0	0.0	0.00434086147270814	0.015669237065286206	0.0008675870756036152	8.77828407018835e-06	0.0	1.4630473450313918e-06	0.0	0.0	4.389142035094175e-06	0.0006057016008429962	0.0	0.0	0.0013240578472534096	0.0	0.000141915592468045	3.218704159069062e-05	0.0	0.0	0.0	0.0
SRR14514193_2	0.0	0.0	0.0	3.803923097081618e-05	3.803923097081618e-05	4.681751504100454e-05	0.0009568329636505303	0.0	0.0	0.0	0.00023993976458514825	0.0	8.77828407018835e-06	0.0	0.0	0.0	0.0	0.0	0.0	0.0011923835862005842	0.0003745401203280363	1.4630473450313918e-06	0.0	0.0	0.0	0.0	4.681751504100454e-05	0.0	0.0	0.0	0.0001638613026435159	0.0016634848313006924	0.001060709325147759	0.0	0.0	0.0	0.0	0.0	0.0	0.0	0.0	0.0	0.0	2.6334852210565048e-05	0.0007944347083520458	2.9260946900627836e-06	0.0	0.0	3.3650088935722005e-05	0.0	0.0	0.0	0.0	0.0	0.0
SRR14514194_1	0.0010432732840269222	0.06242318950797379	7.250547919878223e-05	4.028082177710124e-05	0.0	1.6112328710840496e-05	0.0002376568484848973	0.0	0.0	0.0	0.0	0.0	0.0	1.2084246533130371e-05	0.0	0.0	0.0	0.0	0.0	0.0	0.0	0.0	0.0	0.0	0.0	0.00012688458859786892	3.4238698510536054e-05	0.0	0.0	0.0	0.0	0.0007693636959426337	0.0	0.0	0.0	0.005750087308681201	0.015800152342067962	0.0017220051309710781	4.8336986132521486e-05	0.0	0.0	0.0	0.0	0.0	5.84071915767968e-05	0.0	0.0	0.002328231498716452	0.0	7.45195202876373e-05	6.847739702107211e-05	0.0	0.0	0.0	0.0
SRR14514194_2	0.0	0.0	0.0	2.819657524397087e-05	3.6252739599391114e-05	0.0	0.0008418691751414159	0.0	0.0	1.2084246533130371e-05	1.6112328710840496e-05	0.0	5.4379109399086675e-05	0.0	0.0	0.0	0.0	0.0	0.0	0.000876107873651952	0.0007854760246534742	2.014041088855062e-06	0.0	0.0	0.0	0.0	0.0	0.0	0.0	0.0	0.0004934400667694903	0.0011862702013356314	0.001663597939394281	0.0	0.0	0.0	0.0	0.0	0.0	0.0	0.0	0.0	0.0	2.014041088855062e-06	0.0004934400667694903	2.014041088855062e-06	0.0	0.0	0.0	0.0	0.0	0.0	0.0	0.0	0.0
SRR14514195_1	0.0004747764510515065	0.05852989306664775	5.021674001506319e-05	0.00024195338370894086	0.0	1.3695474549562691e-05	9.130316366375127e-05	0.0001369547454956269	0.0	0.0	0.0	0.0	0.0	6.162963547303211e-05	0.0	0.0	0.0	0.0	0.0	0.0	0.0	0.0	0.0	0.0	0.0	0.00010499863821331397	2.2825790915937816e-06	0.0	0.0	0.0	0.0	0.0003218436519147232	0.0	0.0	0.0	0.004284400954921528	0.01559001519558553	0.0008696626338972308	1.1412895457968909e-05	0.0	2.2825790915937816e-06	0.0	0.0	6.8477372747813455e-06	0.0006847737274781344	0.0	0.0	0.0012736791331093302	0.0	0.00015521537822837714	4.336900274028185e-05	0.0	0.0	0.0	0.0
SRR14514195_2	0.0	0.0	0.0	3.195610728231294e-05	5.021674001506319e-05	3.6521265465500505e-05	0.000940422585736638	0.0	0.0	2.2825790915937816e-06	0.00031727849373153563	0.0	1.1412895457968909e-05	0.0	0.0	0.0	0.0	0.0	0.0	0.001148137283071672	0.00037662555011297395	4.565158183187563e-06	0.0	0.0	0.0	0.0	7.304253093100101e-05	0.0	0.0	0.0	0.0001506502200451896	0.001588675047749272	0.001045421223949952	0.0	0.0	0.0	0.0	0.0	0.0	0.0	0.0	0.0	0.0	2.0543211824344035e-05	0.0007441207838595729	6.8477372747813455e-06	0.0	0.0	5.021674001506319e-05	0.0	0.0	0.0	0.0	0.0	0.0
SRR14514196_1	0.0011327680593253833	0.061906456832529384	2.7295615887358632e-05	2.7295615887358632e-05	0.0	0.0	0.0003138995827046243	0.0	0.0	0.0	0.0	0.0	0.0	6.823903971839658e-06	0.0	0.0	0.0	0.0	0.0	0.0	0.0	0.0	0.0	0.0	0.0	0.00012283027149311387	4.776732780287761e-05	0.0	0.0	0.0	0.0	0.0008461640925081176	0.0	0.0	0.0	0.005970915975359701	0.015988407006020323	0.0017742150326783112	8.188684766207592e-05	0.0	0.0	0.0	0.0	0.0	6.141513574655693e-05	0.0	0.0	0.0024020141980875603	0.0	6.141513574655693e-05	8.188684766207592e-05	0.0	0.0	0.0	0.0
SRR14514196_2	0.0	0.0	0.0	2.7295615887358632e-05	2.7295615887358632e-05	0.0	0.000900755324282835	0.0	0.0	6.823903971839658e-06	2.047171191551898e-05	0.0	5.4591231774717264e-05	0.0	0.0	0.0	0.0	0.0	0.0	0.000900755324282835	0.000941698748113873	0.0	0.0	0.0	0.0	0.0	0.0	0.0	0.0	0.0	0.0005732079336345314	0.0012214788109592989	0.001719623800903594	0.0	0.0	0.0	0.0	0.0	0.0	0.0	0.0	0.0	0.0	6.823903971839658e-06	0.00047767327802877613	0.0	0.0	0.0	0.0	0.0	0.0	0.0	0.0	0.0	0.0
SRR14514197_1	0.0004439020396978795	0.0596948265456779	8.798058444462476e-05	0.0002199514611115619	0.0	7.998234949511342e-06	7.598323202035774e-05	0.00011597440676791446	0.0	0.0	0.0	0.0	0.0	4.9988968434445887e-05	1.9995587373778356e-06	0.0	0.0	0.0	0.0	0.0	0.0	0.0	0.0	0.0	0.0	0.0001359699941416928	0.0	0.0	0.0	0.0	0.0	0.0002939351343945418	0.0	0.0	0.0	0.004073101148038651	0.015382605366647688	0.0008058221711632677	1.1997352424267013e-05	0.0	0.0	0.0	0.0	1.9995587373778356e-06	0.0006338601197487738	0.0	0.0	0.0012457250933863913	0.0	0.00014396822909120417	1.799602863640052e-05	0.0	0.0	0.0	0.0
SRR14514197_2	0.0	0.0	0.0	5.998676212133506e-05	3.9991174747556707e-05	4.798940969706805e-05	0.0009277952541433157	0.0	0.0	0.0	0.0002539439596469851	0.0	1.1997352424267013e-05	0.0	0.0	0.0	0.0	0.0	0.0	0.0012197308298004797	0.00033592586787947634	0.0	0.0	0.0	0.0	0.0	6.398587959609074e-05	0.0	0.0	0.0	0.00011797396550529228	0.0016916266918216487	0.0009877820162646509	0.0	0.0	0.0	0.0	0.0	0.0	0.0	0.0	0.0	0.0	5.998676212133506e-05	0.0008278173172744239	0.0	0.0	0.0	5.398808590920156e-05	0.0	0.0	0.0	0.0	0.0	0.0
SRR14514198_1	0.0005025375889646811	0.060355329083634564	6.211138740012912e-05	0.00021456661101862788	0.0	5.6464897636481025e-06	7.340436692742532e-05	0.00012422277480025824	0.0	0.0	0.0	0.0	0.0	5.928814251830507e-05	0.0	0.0	0.0	0.0	0.0	0.0	0.0	0.0	0.0	0.0	0.0	9.881357086384178e-05	0.0	0.0	0.0	0.0	0.0	0.0003783148141644229	0.0	0.0	0.0	0.004065472629826633	0.01553349333979593	0.0009062616070655204	8.469734645472153e-06	0.0	0.0	0.0	0.0	2.8232448818240512e-06	0.000666285792110476	0.0	0.0	0.0013184553598118319	0.0	0.0001552784685003228	2.8232448818240514e-05	0.0	0.0	0.0	0.0
SRR14514198_2	0.0	0.0	0.0	2.258595905459241e-05	5.646489763648103e-05	1.1292979527296205e-05	0.0009203778314746407	0.0	0.0	2.8232448818240512e-06	0.0002371525700732203	0.0	1.6939469290944306e-05	0.0	0.0	0.0	0.0	0.0	0.0	0.0011885860952479256	0.0003980775283371912	0.0	0.0	0.0	0.0	0.0	4.7995162991008863e-05	0.0	0.0	0.0	0.00016092495826397092	0.0016177193172851813	0.001047423851156723	0.0	0.0	0.0	0.0	0.0	0.0	0.0	0.0	0.0	0.0	5.928814251830507e-05	0.0007594528732106698	0.0	0.0	0.0	3.387893858188861e-05	0.0	0.0	0.0	0.0	0.0	0.0
SRR14514199_1	0.00054783212905165	0.05843255133963504	7.333185979431534e-05	0.00022430921819437637	0.0	4.313638811430315e-06	8.195913741717598e-05	8.62727762286063e-05	0.0	0.0	0.0	0.0	0.0	5.392048514287893e-05	0.0	0.0	0.0	0.0	0.0	0.0	0.0	0.0	0.0	0.0	0.0	0.00010352733147432755	0.0	0.0	0.0	0.0	0.0	0.0003688161183772919	0.0	0.0	0.0	0.004415009323498927	0.015546354276394853	0.0009533141773260995	6.470458217145472e-06	0.0	0.0	0.0	0.0	4.313638811430315e-06	0.0006146935306288198	0.0	0.0	0.0013933053360919915	0.0	0.00014666371958863068	2.372501346286673e-05	0.0	0.0	0.0	0.0
SRR14514199_2	0.0	0.0	0.0	3.882274930287283e-05	5.176366573716377e-05	3.450911049144252e-05	0.0009403732608918086	0.0	0.0	2.1568194057151574e-06	0.00021999557938294606	0.0	1.2940916434290943e-05	0.0	0.0	0.0	0.0	0.0	0.0	0.0011409574656233183	0.00044214797817160724	2.1568194057151574e-06	0.0	0.0	0.0	0.0	4.9606846331448614e-05	0.0	0.0	0.0	0.00015529099721149132	0.0016133009154749376	0.0011258597297833122	0.0	0.0	0.0	0.0	0.0	0.0	0.0	0.0	0.0	0.0	5.176366573716377e-05	0.0007635140696231657	2.1568194057151574e-06	0.0	0.0	3.450911049144252e-05	0.0	0.0	0.0	0.0	0.0	0.0
SRR14514200_1	0.00044753239651602146	0.05897446695671917	6.117349304895257e-05	0.00026401191736916374	0.0	9.658972586676722e-06	7.08324656356293e-05	0.00010946835598233618	0.0	0.0	0.0	0.0	0.0	5.9563664284506456e-05	1.6098287644461204e-06	0.0	0.0	0.0	0.0	0.0	0.0	0.0	0.0	0.0	0.0	0.00010785852721789007	0.0	0.0	0.0	0.0	0.0	0.00027367088995584047	0.0	0.0	0.0	0.0041614073560932215	0.015492992029029462	0.0007952554096363834	3.2196575288922407e-06	0.0	0.0	0.0	0.0	0.0	0.0006101251017250796	0.0	0.0	0.001271764723912435	0.0	0.0001513239038579353	1.7708116408907325e-05	0.0	0.0	0.0	0.0
SRR14514200_2	0.0	0.0	3.2196575288922407e-06	3.863589034670689e-05	5.795383552006034e-05	4.5075205404491374e-05	0.0010174117791299482	0.0	0.0	1.6098287644461204e-06	0.00020927773937799566	0.0	4.829486293338361e-06	0.0	0.0	0.0	0.0	0.0	0.0	0.001244397634916851	0.0003461131843559159	1.6098287644461204e-06	0.0	0.0	0.0	0.0	4.668503416893749e-05	0.0	0.0	0.0	0.00014649441756459696	0.001724126606721795	0.0009964840051921485	0.0	0.0	0.0	0.0	0.0	0.0	0.0	0.0	0.0	0.0	4.346537664004525e-05	0.0007694981494052456	4.829486293338361e-06	0.0	0.0	4.024571911115301e-05	0.0	0.0	0.0	0.0	0.0	0.0
SRR14514201_1	0.0009766945050089656	0.06292206627821105	4.518515503600197e-05	5.908827966246411e-05	0.0	6.951562313231072e-06	0.0002224499940233943	0.0	0.0	0.0	0.0	0.0	0.0	2.0854686939693216e-05	0.0	0.0	0.0	0.0	0.0	0.0	0.0	0.0	0.0	0.0	0.0	0.00012860390279477484	2.4330468096308753e-05	0.0	0.0	0.0	0.0	0.000860255836262345	0.0	0.0	0.0	0.005868856482945333	0.01603030269431085	0.0017952409673919242	4.34472644576942e-05	0.0	0.0	0.0	0.0	0.0	5.908827966246411e-05	0.0	0.0	0.0023722206393901033	0.0	8.863241949369617e-05	6.082617024077188e-05	0.0	0.0	0.0	0.0
SRR14514201_2	0.0	0.0	0.0	3.4757811566155356e-05	4.170937387938643e-05	0.0	0.0008480906022141908	0.0	0.0	3.475781156615536e-06	1.9116796361385447e-05	0.0	6.777773255400294e-05	0.0	0.0	0.0	0.0	0.0	0.0	0.0009019652101417316	0.0009262956782380403	0.0	0.0	0.0	0.0	0.0	0.0	0.0	0.0	0.0	0.0005856691248897177	0.0011956687178757443	0.001677064408066996	0.0	0.0	0.0	0.0	0.0	0.0	0.0	0.0	0.0	0.0	1.5641015204769913e-05	0.0004883472525044828	0.0	0.0	0.0	0.0	0.0	0.0	0.0	0.0	0.0	0.0
SRR14514202_1	0.0010653018035918626	0.06263735211456423	1.595957758190056e-05	3.191915516380112e-05	0.0	7.97978879095028e-06	0.0002673229244968344	0.0	0.0	0.0	0.0	0.0	0.0	1.3964630384162993e-05	0.0	0.0	0.0	0.0	0.0	0.0	0.0	0.0	0.0	0.0	0.0	0.0001137119902710415	3.989894395475141e-05	0.0	0.0	0.0	0.0	0.0008119435094791911	0.0	0.0	0.0	0.005869134655743932	0.015817936330861194	0.0017814878475796503	6.184336312986468e-05	0.0	0.0	0.0	0.0	0.0	3.790399675701384e-05	0.0	0.0	0.002330098326957482	0.0	9.775241268914094e-05	9.176757109592823e-05	0.0	0.0	0.0	0.0
SRR14514202_2	0.0	3.98989439547514e-06	0.0	3.590904955927627e-05	5.585852153665197e-05	3.98989439547514e-06	0.0008458576118407298	0.0	0.0	9.974735988687853e-06	7.97978879095028e-06	0.0	5.585852153665197e-05	0.0	0.0	0.0	0.0	0.0	0.0	0.0009196706581570198	0.0008977262389819066	1.99494719773757e-06	0.0	0.0	0.0	0.0	0.0	0.0	0.0	0.0	0.0005526003737733069	0.001234872315399556	0.0016977000652746723	0.0	0.0	0.0	0.0	0.0	0.0	0.0	0.0	0.0	0.0	1.1969683186425423e-05	0.0004947469050389174	0.0	0.0	0.0	0.0	0.0	0.0	0.0	0.0	0.0	0.0
SRR14514203_1	0.0010548353225850475	0.061486691222941314	3.1596449754851655e-05	4.8609922699771774e-05	0.0	1.7013472944920123e-05	0.0002357581250938931	0.0	0.0	0.0	0.0	0.0	0.0	1.944396907990871e-05	0.0	0.0	0.0	0.0	0.0	0.0	0.0	0.0	0.0	0.0	0.0	0.00011301807027696938	2.308971328239159e-05	0.0	0.0	0.0	0.0	0.0008360906704360745	0.0	0.0	0.0	0.005986311980476894	0.01617616702641655	0.0017949213956890728	3.645744202482883e-05	0.0	0.0	0.0	0.0	0.0	5.1040418834760364e-05	0.0	0.0	0.002420774150448634	0.0	8.263686858961202e-05	5.9547155307220424e-05	0.0	0.0	0.0	0.0
SRR14514203_2	0.0	0.0	0.0	4.131843429480601e-05	6.319289950970331e-05	7.291488404965765e-06	0.000879839600865869	0.0	0.0	7.291488404965765e-06	2.1874465214897296e-05	0.0	5.711665917223183e-05	0.0	0.0	0.0	0.0	0.0	0.0	0.0009102208025532265	0.0009138665467557093	1.2152480674942943e-06	0.0	0.0	0.0	0.0	0.0	0.0	0.0	0.0	0.000549292126507421	0.0011958040984143858	0.001691625309952058	0.0	0.0	0.0	0.0	0.0	0.0	0.0	0.0	0.0	0.0	1.458297680993153e-05	0.0005420006381024553	0.0	0.0	0.0	0.0	0.0	0.0	0.0	0.0	0.0	0.0
SRR14514204_1	0.0005550294234973131	0.059620660640272195	6.375337972604274e-05	0.00024376292248192807	0.0	7.500397614828557e-06	8.625457257052839e-05	0.00014625775348915684	0.0	0.0	0.0	0.0	0.0	3.562688867043564e-05	0.0	0.0	0.0	0.0	0.0	0.0	0.0	0.0	0.0	0.0	0.0	9.750516899277124e-05	0.0	0.0	0.0	0.0	0.0	0.0003356427932635779	0.0	0.0	0.0	0.00423397445357072	0.015158303579568513	0.0008419196322645054	5.625298211121417e-06	0.0	0.0	0.0	0.0	0.0	0.0006244081014344773	0.0	0.0	0.0012863181909430973	0.0	0.0001256316600483783	2.062609344077853e-05	0.0	0.0	0.0	0.0
SRR14514204_2	0.0	0.0	0.0	4.875258449638562e-05	3.0001590459314227e-05	6.0003180918628455e-05	0.0008962975149720124	0.0	0.0	1.8750994037071392e-06	0.0002250119284448567	0.0	1.1250596422242834e-05	0.0	0.0	0.0	0.0	0.0	0.0	0.0011119339463983335	0.0003937708747784992	0.0	0.0	0.0	0.0	0.0	4.6877485092678474e-05	0.0	0.0	0.0	0.00016875894633364252	0.0015619578032880469	0.0010350548708463407	0.0	0.0	0.0	0.0	0.0	0.0	0.0	0.0	0.0	0.0	4.3127286285264194e-05	0.0007425393638680271	1.8750994037071392e-06	0.0	0.0	2.8126491055607087e-05	0.0	0.0	0.0	0.0	0.0	0.0
SRR14514205_1	0.00118150363536704	0.061450652157602606	3.4896731846283884e-05	4.237460295620186e-05	0.0	1.246311851652996e-05	0.00024427712292398717	0.0	0.0	0.0	0.0	0.0	0.0	1.9940989626447933e-05	0.0	0.0	0.0	0.0	0.0	0.0	0.0	0.0	0.0	0.0	0.0	0.00013834061553348256	3.614304369793688e-05	0.0	0.0	0.0	0.0	0.0008225658220909773	0.0	0.0	0.0	0.006035888297555459	0.01628306434184639	0.001827093174523292	4.6113538511160845e-05	0.0	0.0	0.0	0.0	0.0	5.1098785917772834e-05	0.0	0.0	0.0024776679610861558	0.0	8.225658220909773e-05	6.106928073099679e-05	0.0	0.0	0.0	0.0
SRR14514205_2	0.0	0.0	2.4926237033059917e-06	1.4955742219835951e-05	2.2433613329753925e-05	2.4926237033059917e-06	0.0008549699302339552	0.0	0.0	3.7389355549589877e-06	7.4778711099179755e-06	0.0	7.228608739587376e-05	0.0	0.0	0.0	0.0	0.0	0.0	0.0008911129739318921	0.0009123002754099931	0.0	0.0	0.0	0.0	0.0	0.0	0.0	0.0	0.0	0.0005583477095405422	0.001223878238323242	0.001713678796022869	0.0	0.0	0.0	0.0	0.0	0.0	0.0	0.0	0.0	0.0	1.3709430368182955e-05	0.0005010173643645044	0.0	0.0	0.0	0.0	0.0	0.0	0.0	0.0	0.0	0.0
SRR14514206_1	0.00039484496060081866	0.058657979325447814	6.580749343346977e-05	0.00020682355079090504	0.0	0.0	8.931016965970898e-05	0.00013161498686693954	0.0	0.0	0.0	0.0	0.0	4.700535245247841e-05	0.0	0.0	0.0	0.0	0.0	0.0	0.0	0.0	0.0	0.0	0.0	0.00010811231064070035	0.0	0.0	0.0	0.0	0.0	0.00028908291758274223	0.0	0.0	0.0	0.004413802595287722	0.016162790440784704	0.0008931016965970898	7.050802867871762e-06	0.0	0.0	0.0	0.0	2.3502676226239205e-06	0.0006651257372025695	0.0	0.0	0.0013420028125182585	0.0	0.00016451873358367444	1.1751338113119603e-05	0.0	0.0	0.0	0.0
SRR14514206_2	0.0	0.0	0.0	2.3502676226239206e-05	6.580749343346977e-05	6.110695818822194e-05	0.001010615077728286	0.0	0.0	0.0	0.0002491283679981356	0.0	1.4101605735743524e-05	0.0	0.0	0.0	0.0	0.0	0.0	0.0011304787264821059	0.0003313877347899728	0.0	0.0	0.0	0.0	0.0	6.110695818822194e-05	0.0	0.0	0.0	0.0001292647192443156	0.0016381365329688727	0.0010599706978033881	0.0	0.0	0.0	0.0	0.0	0.0	0.0	0.0	0.0	0.0	6.345722581084585e-05	0.000770887780220646	9.401070490495682e-06	0.0	0.0	4.230481720723057e-05	0.0	0.0	0.0	0.0	0.0	0.0
SRR14514207_1	0.0009560350734644481	0.06185288537457286	2.5838785769309407e-05	6.201308584634258e-05	0.0	1.2919392884654703e-05	0.00025322010053923223	0.0	0.0	0.0	0.0	0.0	0.0	2.454684648084394e-05	0.0	0.0	0.0	0.0	0.0	0.0	0.0	0.0	0.0	0.0	0.0	0.00013306974671194345	2.7130725057774877e-05	0.0	0.0	0.0	0.0	0.0008345927803486939	0.0	0.0	0.0	0.005851193037460115	0.01585855476591365	0.001724738950101403	4.134205723089505e-05	0.0	0.0	0.0	0.0	0.0	6.718084300020446e-05	0.0	0.0	0.002381044108641862	0.0	7.88082965963937e-05	5.296951082708429e-05	0.0	0.0	0.0	0.0
SRR14514207_2	0.0	5.167757153861881e-06	2.5838785769309406e-06	3.617430007703317e-05	4.3925935807825996e-05	1.2919392884654703e-05	0.0009095252590796912	0.0	0.0	3.8758178653964115e-06	1.937908932698206e-05	0.0	6.330502513480806e-05	0.0	0.0	0.0	0.0	0.0	0.0	0.0009405318020028624	0.0008798106554449854	3.8758178653964115e-06	0.0	0.0	0.0	0.0	0.0	0.0	0.0	0.0	0.0005800807405209963	0.0012325100811960588	0.0016730613785627844	0.0	0.0	0.0	0.0	0.0	0.0	0.0	0.0	0.0	0.0	7.751635730792823e-06	0.0005116079582323264	2.5838785769309406e-06	0.0	0.0	0.0	0.0	0.0	0.0	0.0	0.0	0.0
SRR14514208_1	0.0011541049805780077	0.062405189706385825	4.555677554913188e-05	4.935317351155954e-05	0.0	0.0	0.00023158027570808706	0.0	0.0	0.0	0.0	0.0	0.0	1.32873928684968e-05	0.0	0.0	0.0	0.0	0.0	0.0	0.0	0.0	0.0	0.0	0.0	0.00012717933174132652	1.7083790830924454e-05	0.0	0.0	0.0	0.0	0.0008579859395086504	0.0	0.0	0.0	0.0059983087806356975	0.016060661580050203	0.0018051872311343506	3.416758166184891e-05	0.0	0.0	0.0	0.0	0.0	4.365857656791805e-05	0.0	0.0	0.0024050181091979208	0.0	7.972435721098079e-05	6.643696434248399e-05	0.0	0.0	0.0	0.0
SRR14514208_2	0.0	0.0	3.796397962427657e-06	3.0371183699421256e-05	6.074236739884251e-05	0.0	0.00090733911302021	0.0	0.0	1.138919388728297e-05	1.138919388728297e-05	0.0	6.453876536127017e-05	0.0	0.0	0.0	0.0	0.0	0.0	0.000918728306907493	0.0009111355109826376	0.0	0.0	0.0	0.0	0.0	0.0	0.0	0.0	0.0	0.0005884416841762868	0.0012110509500144226	0.001704582685130018	0.0	0.0	0.0	0.0	0.0	0.0	0.0	0.0	0.0	0.0	7.592795924855314e-06	0.0005144119239089475	1.8981989812138285e-06	0.0	0.0	0.0	0.0	0.0	0.0	0.0	0.0	0.0
SRR14514209_1	0.0010997188052339828	0.06186296970489789	2.7265755501668998e-05	6.967915294870965e-05	0.0	1.2118113556297332e-05	0.00027568708340576433	0.0	0.0	0.0	0.0	0.0	0.0	1.8177170334445996e-05	0.0	0.0	0.0	0.0	0.0	0.0	0.0	0.0	0.0	0.0	0.0	0.00012421066395204764	3.635434066889199e-05	0.0	0.0	0.0	0.0	0.00082857601441183	0.0	0.0	0.0	0.0059454494635583785	0.015971673667199884	0.0017995398631101536	3.938386905796633e-05	0.0	0.0	0.0	0.0	0.0	4.998721841972649e-05	0.0	0.0	0.002390297898979649	0.0	7.876773811593266e-05	5.604627519787516e-05	0.0	0.0	0.0	0.0
SRR14514209_2	0.0	0.0	3.029528389074333e-06	3.938386905796633e-05	3.635434066889199e-05	0.0	0.0009785376696710094	0.0	0.0	3.029528389074333e-06	1.666240613990883e-05	0.0	5.907580358694949e-05	0.0	0.0	0.0	0.0	0.0	0.0	0.0009315799796403574	0.0008906813463878539	0.0	0.0	0.0	0.0	0.0	0.0	0.0	0.0	0.0	0.000572580865535049	0.0012572542814658482	0.0017071392472433869	0.0	0.0	0.0	0.0	0.0	0.0	0.0	0.0	0.0	0.0	1.3632877750834499e-05	0.0005331969964770826	0.0	0.0	0.0	0.0	0.0	0.0	0.0	0.0	0.0	0.0
SRR14514210_1	0.0011353417850228406	0.06142006626162547	3.4637545983747675e-05	4.6183394644996906e-05	0.0	1.1545848661249227e-05	0.00024631143810665017	0.0	0.0	0.0	0.0	0.0	0.0	2.3091697322498453e-05	0.0	0.0	0.0	0.0	0.0	0.0	0.0	0.0	0.0	0.0	0.0	0.00010391263795124304	4.4259086534788705e-05	0.0	0.0	0.0	0.0	0.0007427829305403669	0.0	0.0	0.0	0.005709422162987742	0.01571005141173978	0.0016933911369832197	4.4259086534788705e-05	0.0	0.0	0.0	0.0	0.0	4.6183394644996906e-05	0.0	0.0	0.002289926651147763	0.0	0.00010006402173082663	5.195631897562152e-05	0.0	0.0	0.0	0.0
SRR14514210_2	0.0	0.0	0.0	3.078892976333127e-05	1.5394464881665635e-05	3.848616220416409e-06	0.0008313011036099443	0.0	0.0	1.1545848661249227e-05	7.697232440832818e-06	0.0	6.542647574707895e-05	0.0	0.0	0.0	0.0	0.0	0.0	0.0009236678928999381	0.0008274524873895278	0.0	0.0	0.0	0.0	0.0	0.0	0.0	0.0	0.0	0.0005503521195195464	0.0012296328824230427	0.0015971757314728096	0.0	0.0	0.0	0.0	0.0	0.0	0.0	0.0	0.0	0.0	7.697232440832818e-06	0.000490698568103092	0.0	0.0	0.0	0.0	0.0	0.0	0.0	0.0	0.0	0.0
SRR14514211_1	0.001099877388859174	0.0629322974671293	5.8772074213848993e-05	4.617805831088135e-05	0.0	0.0	0.0002392863021563852	0.0	0.0	0.0	0.0	0.0	0.0	2.3089029155440674e-05	0.0	0.0	0.0	0.0	0.0	0.0	0.0	0.0	0.0	0.0	0.0	0.00011334614312670876	3.988105035939753e-05	0.0	0.0	0.0	0.0	0.0009109671503146594	0.0	0.0	0.0	0.005996850572463092	0.01614762739025501	0.0018240333032798135	5.667307156335438e-05	0.0	0.0	0.0	0.0	0.0	5.8772074213848993e-05	0.0	0.0	0.0024474370904767114	0.0	8.815811132077349e-05	6.716808481582742e-05	0.0	0.0	0.0	0.0
SRR14514211_2	0.0	8.396010601978428e-06	0.0	3.358404240791371e-05	4.617805831088135e-05	8.396010601978428e-06	0.0009571452086255408	0.0	0.0	6.29700795148382e-06	2.099002650494607e-05	0.0	7.976210071879507e-05	0.0	0.0	0.0	0.0	0.0	0.0	0.0009697392245285085	0.0009697392245285085	4.198005300989214e-06	0.0	0.0	0.0	0.0	0.0	0.0	0.0	0.0	0.0006150077765949198	0.0013412626936660538	0.0017484692078620074	0.0	0.0	0.0	0.0	0.0	0.0	0.0	0.0	0.0	0.0	1.0495013252473035e-05	0.0005751267262355223	0.0	0.0	0.0	0.0	0.0	0.0	0.0	0.0	0.0	0.0
SRR14514212_1	0.0004772036986093723	0.05921408889054478	8.421241740165393e-05	0.00028836373231475433	0.0	1.0207565745655022e-05	7.145296021958515e-05	0.00011993889751144651	0.0	0.0	0.0	0.0	0.0	4.59340458554476e-05	0.0	0.0	0.0	0.0	0.0	0.0	0.0	0.0	0.0	0.0	0.0	0.00013142240897530842	2.5518914364137556e-06	0.0	0.0	0.0	0.0	0.0003572648010979258	0.0	0.0	0.0	0.00436883813914035	0.015603540187951908	0.0009237846999817794	6.379728591034388e-06	0.0	1.2759457182068778e-06	0.0	0.0	6.379728591034388e-06	0.0006303171847941977	0.0	0.0	0.0013716416470723935	0.0	0.00015438943190303222	2.29670229277238e-05	0.0	0.0	0.0	0.0
SRR14514212_2	0.0	0.0	2.5518914364137556e-06	4.338215441903385e-05	4.338215441903385e-05	5.358972016468886e-05	0.0009493036143459171	0.0	0.0	0.0	0.0002730523836962719	0.0	1.5311348618482535e-05	0.0	0.0	0.0	0.0	0.0	0.0	0.0012427711295334989	0.00039554317264413205	0.0	0.0	0.0	0.0	0.0	4.338215441903385e-05	0.0	0.0	0.0	0.00016842483480330786	0.0016549015965143206	0.0010985892633761218	0.0	0.0	0.0	0.0	0.0	0.0	0.0	0.0	0.0	0.0	3.827837154620633e-05	0.0008217090425252292	2.5518914364137556e-06	0.0	0.0	2.807080580055131e-05	0.0	0.0	0.0	0.0	0.0	0.0
SRR14514213_1	0.0005516598995501585	0.059897534478080675	6.365306533271059e-05	0.0002652211055529608	0.0	1.0608844222118434e-05	6.365306533271059e-05	0.00012200170855436198	0.0	0.0	0.0	0.0	0.0	5.3044221110592166e-05	0.0	0.0	0.0	0.0	0.0	0.0	0.0	0.0	0.0	0.0	0.0	0.0001007840201101251	0.0	0.0	0.0	0.0	0.0	0.00032887417088567144	0.0	0.0	0.0	0.0043655393974017355	0.01584961326784494	0.000885838492546889	7.956633166588824e-06	0.0	0.0	0.0	0.0	0.0	0.0005861386432720434	0.0	0.0	0.0013154966835426858	0.0	0.00016974150755389494	2.386989949976647e-05	0.0	0.0	0.0	0.0
SRR14514213_2	0.0	0.0	0.0	4.2435376888473734e-05	5.3044221110592166e-05	2.1217688444236867e-05	0.0009229694473243036	0.0	0.0	5.304422111059217e-06	0.00024400341710872396	0.0	1.5913266333177648e-05	0.0	0.0	0.0	0.0	0.0	0.0	0.0011537118091553794	0.0003660051256630859	2.6522110555296084e-06	0.0	0.0	0.0	0.0	5.3044221110592166e-05	0.0	0.0	0.0	0.00015382824122071726	0.0015886744222622351	0.0010582322111563137	0.0	0.0	0.0	0.0	0.0	0.0	0.0	0.0	0.0	0.0	4.2435376888473734e-05	0.0007611845729369976	5.304422111059217e-06	0.0	0.0	3.713095477741451e-05	0.0	0.0	0.0	0.0	0.0	0.0
SRR14514214_1	0.0005284586437384829	0.060824186906749636	8.417925298489109e-05	0.0002385078834571914	0.0	4.676625165827283e-06	7.95026278190638e-05	9.820912848237294e-05	0.0	0.0	0.0	0.0	0.0	6.547275232158196e-05	0.0	0.0	0.0	0.0	0.0	0.0	0.0	0.0	0.0	0.0	0.0	0.0001356221298089912	0.0	0.0	0.0	0.0	0.0	0.0003086572609446006	0.0	0.0	0.0	0.0041715496479179355	0.015365051982325538	0.0008979120318388382	2.1044813246222772e-05	0.0	0.0	0.0	0.0	4.676625165827283e-06	0.0006640807735474742	0.0	0.0	0.0012603504821904526	0.0	0.0001870650066330913	1.870650066330913e-05	0.0	0.0	0.0	0.0
SRR14514214_2	0.0	0.0	4.676625165827283e-06	4.2089626492445544e-05	7.95026278190638e-05	4.2089626492445544e-05	0.001122390039798548	0.0	0.0	0.0	0.00027358257220089606	0.0	2.3383125829136413e-05	0.0	0.0	0.0	0.0	0.0	0.0	0.0013117933590145528	0.00036945338810035535	0.0	0.0	0.0	0.0	0.0	4.910456424118647e-05	0.0	0.0	0.0	0.0001473136927235594	0.0017443811868535764	0.0010335341616478295	0.0	0.0	0.0	0.0	0.0	0.0	0.0	0.0	0.0	0.0	5.6119501989927385e-05	0.0008698522808438745	2.3383125829136413e-06	0.0	0.0	3.039806357787734e-05	0.0	0.0	0.0	0.0	0.0	0.0
SRR14514215_1	0.0005477510830230671	0.05960861053701654	7.33390571411638e-05	0.00027960515535068695	0.0	6.875536606984105e-06	7.104721160550243e-05	0.00012146781339005254	0.0	0.0	0.0	0.0	0.0	5.615021562370353e-05	3.4377683034920527e-06	0.0	0.0	0.0	0.0	0.0	0.0	0.0	0.0	0.0	0.0	0.00010542489464042297	0.0	0.0	0.0	0.0	0.0	0.00034950644418835875	0.0	0.0	0.0	0.004313253298114696	0.01592832647284651	0.0008594420758730131	1.4896995981798896e-05	0.0	0.0	0.0	0.0	1.1459227678306844e-06	0.0005821287660579877	0.0	0.0	0.0012891631138095198	0.0	0.00015240772812148102	2.750214642793642e-05	0.0	0.0	0.0	0.0
SRR14514215_2	0.0	0.0	0.0	2.2918455356613686e-05	5.500429285587284e-05	4.3545065177566005e-05	0.000976326198191743	0.0	0.0	2.2918455356613688e-06	0.00022345493972698345	0.0	1.2605150446137528e-05	0.0	0.0	0.0	0.0	0.0	0.0	0.0011883219102404197	0.00040451073704423154	3.4377683034920527e-06	0.0	0.0	0.0	0.0	3.8961374106243266e-05	0.0	0.0	0.0	0.0001890772566920629	0.0016696094727293072	0.0010370601048867694	0.0	0.0	0.0	0.0	0.0	0.0	0.0	0.0	0.0	0.0	4.927467901671942e-05	0.0008090214740884631	5.7296138391534215e-06	0.0	0.0	2.5210300892275055e-05	0.0	0.0	0.0	0.0	0.0	0.0
SRR14514216_1	0.000515067504781745	0.0599241288281312	4.839560447613712e-05	0.0001970392467957011	0.0	3.4568288911526505e-06	6.913657782305302e-05	0.0001555573001018693	0.0	0.0	0.0	0.0	0.0	4.493877558498446e-05	0.0	0.0	0.0	0.0	0.0	0.0	0.0	0.0	0.0	0.0	0.0	9.333438006112158e-05	1.7284144455763253e-06	0.0	0.0	0.0	0.0	0.00032148508687719656	0.0	0.0	0.0	0.004416098908447511	0.015559186839078082	0.0009126028272642998	5.1852433367289765e-06	0.0	1.7284144455763253e-06	0.0	0.0	5.1852433367289765e-06	0.000668896390438038	0.0	0.0	0.001339521195321652	0.0	0.0001555573001018693	3.975353224825548e-05	0.0	0.0	0.0	0.0
SRR14514216_2	0.0	0.0	3.4568288911526505e-06	1.7284144455763255e-05	5.8766091149595067e-05	6.913657782305302e-05	0.0010750737851484744	0.0	0.0	0.0	0.0002661758246187541	0.0	1.3827315564610602e-05	0.0	0.0	0.0	0.0	0.0	0.0	0.0013101381497468546	0.0003802511780267916	1.7284144455763253e-06	0.0	0.0	0.0	0.0	5.703767670401874e-05	0.0	0.0	0.0	0.00015901412899302193	0.0018079215100728365	0.001094086344049814	0.0	0.0	0.0	0.0	0.0	0.0	0.0	0.0	0.0	0.0	5.012401892171344e-05	0.0008572935650058574	1.7284144455763253e-06	0.0	0.0	4.493877558498446e-05	0.0	0.0	0.0	0.0	0.0	0.0
SRR14514217_1	0.0004948952812617547	0.059110040217964496	6.934838336151978e-05	0.00022695834554679198	0.0	6.304398487410888e-06	9.456597731116333e-05	0.00013554456747933411	0.0	0.0	0.0	0.0	0.0	5.5163486764845276e-05	1.576099621852722e-06	0.0	0.0	0.0	0.0	0.0	0.0	0.0	0.0	0.0	0.0	0.00010402257504227965	0.0	0.0	0.0	0.0	0.0	0.00027108913495866823	0.0	0.0	0.0	0.004310632465767196	0.01545365679226594	0.000884191887859377	1.576099621852722e-06	0.0	0.0	0.0	0.0	1.576099621852722e-06	0.0006257115498755307	0.0	0.0	0.0013349563797092556	0.0	0.00014657726483230317	2.994589281520172e-05	0.0	0.0	0.0	0.0
SRR14514217_2	0.0	0.0	0.0	5.6739586386697994e-05	3.467419168075989e-05	3.782639092446533e-05	0.000986638363279804	0.0	0.0	0.0	0.0002505998398745828	0.0	2.206539470593811e-05	0.0	0.0	0.0	0.0	0.0	0.0	0.0012388143027762396	0.0003341331198327771	0.0	0.0	0.0	0.0	0.0	4.413078941187622e-05	0.0	0.0	0.0	0.00014815336445415586	0.0017400139825254053	0.001078052141347262	0.0	0.0	0.0	0.0	0.0	0.0	0.0	0.0	0.0	0.0	3.782639092446533e-05	0.0008321806003382372	3.152199243705444e-06	0.0	0.0	3.309809205890716e-05	0.0	0.0	0.0	0.0	0.0	0.0
SRR14514218_1	0.0005333276755912884	0.05892250789674683	6.703025430928762e-05	0.0002389774284070254	0.0	8.743076649037516e-06	9.617384313941267e-05	0.0001224030730865252	0.0	0.0	0.0	0.0	0.0	5.100128045271884e-05	0.0	0.0	0.0	0.0	0.0	0.0	0.0	0.0	0.0	0.0	0.0	0.00010345974034694392	0.0	0.0	0.0	0.0	0.0	0.00035263742484451313	0.0	0.0	0.0	0.004415253707763946	0.015827883093640915	0.000939880739771533	8.743076649037516e-06	0.0	0.0	0.0	0.0	2.914358883012505e-06	0.0006382445953797386	0.0	0.0	0.0013435194450687649	0.0	0.00015446102079966277	2.477205050560629e-05	0.0	0.0	0.0	0.0
SRR14514218_2	0.0	0.0	0.0	4.3715383245187576e-05	3.788666547916256e-05	4.662974212820008e-05	0.0009733958669261767	0.0	0.0	0.0	0.0002550064022635942	0.0	1.3114614973556274e-05	0.0	0.0	0.0	0.0	0.0	0.0	0.0012254879103067585	0.0004138389613877757	1.4571794415062526e-06	0.0	0.0	0.0	0.0	5.100128045271884e-05	0.0	0.0	0.0	0.00014863230303363778	0.0017092714848868343	0.0010987132988957145	0.0	0.0	0.0	0.0	0.0	0.0	0.0	0.0	0.0	0.0	3.6429486037656316e-05	0.0008072774105944638	4.371538324518758e-06	0.0	0.0	4.080102436217507e-05	0.0	0.0	0.0	0.0	0.0	0.0
SRR14514219_1	0.0010190933999529247	0.061976293575288374	3.8537145376371105e-05	2.997333529273308e-05	0.0	4.281905041819012e-06	0.0001926857268818555	8.563810083638024e-06	0.0	0.0	0.0	0.0	0.0	8.563810083638024e-06	0.0	0.0	0.0	0.0	0.0	0.0	0.0	0.0	0.0	0.0	0.0	0.00013488000881729887	1.7127620167276047e-05	0.0	0.0	0.0	0.0	0.0008520991033219833	0.0	0.0	0.0	0.005872632764854774	0.016082835337072207	0.0017427353520203376	4.9241907980918634e-05	0.0	0.0	0.0	0.0	0.0	4.067809789728061e-05	0.0	0.0	0.0023571887255213657	0.0	9.848381596183727e-05	5.994667058546616e-05	0.0	0.0	0.0	0.0
SRR14514219_2	0.0	0.0	8.563810083638024e-06	3.4255240334552095e-05	2.1409525209095057e-05	0.0	0.0008906362486983544	0.0	0.0	6.422857562728517e-06	1.2845715125457034e-05	0.0	7.065143319001368e-05	0.0	0.0	0.0	0.0	0.0	0.0	0.0009034819638238114	0.0009120457739074494	4.281905041819012e-06	0.0	0.0	0.0	0.0	0.0	0.0	0.0	0.0	0.0006101714684592091	0.0012182019843975087	0.0016570972511839575	0.0	0.0	0.0	0.0	0.0	0.0	0.0	0.0	0.0	0.0	1.7127620167276047e-05	0.0004988419373719148	2.140952520909506e-06	0.0	0.0	0.0	0.0	0.0	0.0	0.0	0.0	0.0
SRR14514220_1	0.0005567332744523553	0.05865205365088207	6.908369099043825e-05	0.00022350605908671197	0.0	4.063746528849309e-06	6.908369099043825e-05	0.00011378490280778065	0.0	0.0	0.0	0.0	0.0	6.501994446158894e-05	6.0956197932739625e-06	0.0	0.0	0.0	0.0	0.0	0.0	0.0	0.0	0.0	0.0	9.956178995680807e-05	0.0	0.0	0.0	0.0	0.0	0.0003068128629281228	0.0	0.0	0.0	0.004336017546282212	0.015596659177723645	0.0008940242363468479	2.0318732644246544e-06	0.0	0.0	0.0	0.0	0.0	0.0006522313178803141	0.0	0.0	0.0013125901288183266	0.0	0.00016458173441839702	1.828685937982189e-05	0.0	0.0	0.0	0.0
SRR14514220_2	0.0	0.0	0.0	6.095619793273963e-05	6.908369099043825e-05	3.657371875964378e-05	0.0010159366322123272	0.0	0.0	0.0	0.0002519522847886571	0.0	1.6254986115397236e-05	0.0	0.0	0.0	0.0	0.0	0.0	0.00120490084580382	0.00037183280738971173	0.0	0.0	0.0	0.0	0.0	6.298807119716428e-05	0.0	0.0	0.0	0.00014019925524530116	0.0017189647817032576	0.0010850203232027655	0.0	0.0	0.0	0.0	0.0	0.0	0.0	0.0	0.0	0.0	5.282870487504101e-05	0.0008168130522987112	0.0	0.0	0.0	4.47012118173424e-05	0.0	0.0	0.0	0.0	0.0	0.0
SRR14514221_1	0.0010788426306044456	0.06202939546039244	3.2446394905396856e-05	4.8669592358095285e-05	0.0	2.4334796179047642e-05	0.00019873416879555574	0.0	0.0	0.0	0.0	0.0	0.0	1.825109713428573e-05	0.0	0.0	0.0	0.0	0.0	0.0	0.0	0.0	0.0	0.0	0.0	8.922758598984136e-05	3.0418495223809554e-05	0.0	0.0	0.0	0.0	0.0008578015653114294	0.0	0.0	0.0	0.005795737289976514	0.015935235697913032	0.0017642727229809543	3.650219426857146e-05	0.0	0.0	0.0	0.0	0.0	3.650219426857146e-05	0.0	0.0	0.0023827821258650818	0.0	0.00010139498407936518	3.447429458698416e-05	0.0	0.0	0.0	0.0
SRR14514221_2	0.0	0.0	8.111598726349214e-06	2.839059554222225e-05	4.0557993631746074e-05	0.0	0.0008638852643561913	0.0	0.0	4.055799363174607e-06	1.2167398089523821e-05	0.0	7.503228821873024e-05	0.0	0.0	0.0	0.0	0.0	0.0	0.0008638852643561913	0.0008902479602168262	2.0278996815873035e-06	0.0	0.0	0.0	0.0	0.0	0.0	0.0	0.0	0.0005394213153022228	0.001182265514365398	0.001683156735717462	0.0	0.0	0.0	0.0	0.0	0.0	0.0	0.0	0.0	0.0	1.4195297771111126e-05	0.0004826401242177782	0.0	0.0	0.0	0.0	0.0	0.0	0.0	0.0	0.0	0.0
SRR14514222_1	0.00103001236953805	0.06168977398882448	3.9834732523570995e-05	7.682412700974405e-05	0.0	1.422669018698964e-05	0.0002304723810292322	2.8453380373979284e-06	0.0	0.0	0.0	0.0	0.0	2.1340035280484462e-05	0.0	0.0	0.0	0.0	0.0	0.0	0.0	0.0	0.0	0.0	0.0	0.00010954551443982023	3.9834732523570995e-05	0.0	0.0	0.0	0.0	0.0008763641155185619	0.0	0.0	0.0	0.005888427068395012	0.015885522262792634	0.0017954083015980925	4.8370746635764783e-05	0.0	0.0	0.0	0.0	0.0	5.263875369186167e-05	0.0	0.0	0.00237585726122727	0.0	8.67828101406368e-05	7.11334509349482e-05	0.0	0.0	0.0	0.0
SRR14514222_2	0.0	2.8453380373979284e-06	0.0	3.6989394486173065e-05	2.5608042336581353e-05	5.690676074795857e-06	0.0008564467492567764	0.0	0.0	7.11334509349482e-06	2.4185373317882392e-05	0.0	5.690676074795856e-05	0.0	0.0	0.0	0.0	0.0	0.0	0.0009403842213600152	0.0009361162143039182	0.0	0.0	0.0	0.0	0.0	0.0	0.0	0.0	0.0	0.0005776036215917795	0.0012519487364550884	0.0017228521816444453	0.0	0.0	0.0	0.0	0.0	0.0	0.0	0.0	0.0	0.0	1.5649359205688603e-05	0.0005121608467316271	1.4226690186989642e-06	0.0	0.0	0.0	0.0	0.0	0.0	0.0	0.0	0.0
SRR14514223_1	0.0011091293970504877	0.06285530169240977	3.824584127760302e-05	5.2153419924004125e-05	0.0	1.3907578646401098e-05	0.0002503364156352198	0.0	0.0	0.0	0.0	0.0	0.0	2.6076709962002063e-05	0.0	0.0	0.0	0.0	0.0	0.0	0.0	0.0	0.0	0.0	0.0	0.00012690665514841003	3.998428860840316e-05	0.0	0.0	0.0	0.0	0.0009022541646852713	0.0	0.0	0.0	0.005968089686636872	0.016362266277490895	0.0018271081446709445	6.258410390880495e-05	0.0	0.0	0.0	0.0	0.0	4.867652526240385e-05	0.0	0.0	0.0024338262631201923	0.0	8.170702454760647e-05	8.518391920920673e-05	0.0	0.0	0.0	0.0
SRR14514223_2	0.0	3.4768946616002746e-06	3.4768946616002746e-06	2.7815157292802197e-05	3.824584127760302e-05	0.0	0.000872700560061669	0.0	0.0	6.953789323200549e-06	1.7384473308001375e-05	0.0	6.258410390880495e-05	0.0	0.0	0.0	0.0	0.0	0.0	0.0009126848486700722	0.0009717920579172767	6.953789323200549e-06	0.0	0.0	0.0	0.0	0.0	0.0	0.0	0.0	0.0006397486177344506	0.001277758788138101	0.0017506164621157384	0.0	0.0	0.0	0.0	0.0	0.0	0.0	0.0	0.0	0.0	1.2169131315600963e-05	0.0004989343839396394	3.4768946616002746e-06	0.0	0.0	0.0	0.0	0.0	0.0	0.0	0.0	0.0
SRR14514224_1	0.0005324607890666075	0.05835075734097324	6.250626654260177e-05	0.00023613478471649552	0.0	6.945140726955752e-06	6.019121963361651e-05	0.00012732757999418877	0.0	0.0	0.0	0.0	0.0	5.5561125815646013e-05	3.472570363477876e-06	0.0	0.0	0.0	0.0	0.0	0.0	0.0	0.0	0.0	0.0	9.723197017738052e-05	1.1575234544926251e-06	1.1575234544926251e-06	0.0	0.0	0.0	0.00032873666107590554	0.0	0.0	0.0	0.0041207834979937455	0.01544599297674959	0.000846149645234109	6.945140726955752e-06	0.0	1.1575234544926251e-06	0.0	0.0	3.472570363477876e-06	0.0006169600012445693	0.0	0.0	0.001238550096307109	0.0	0.00014469043181157814	2.199294563535988e-05	0.0	0.0	0.0	0.0
SRR14514224_2	0.0	0.0	0.0	2.5465515998837755e-05	4.398589127071976e-05	4.398589127071976e-05	0.0009028682945042477	0.0	0.0	1.1575234544926251e-06	0.00025002506617040706	0.0	6.945140726955752e-06	0.0	0.0	0.0	0.0	0.0	0.0	0.0011748863063100144	0.00036693493507416216	1.1575234544926251e-06	0.0	0.0	0.0	0.0	6.019121963361651e-05	0.0	0.0	0.0	0.00014584795526607078	0.0016228478831986604	0.0010105179757720617	0.0	0.0	0.0	0.0	0.0	0.0	0.0	0.0	0.0	0.0	4.7458461634197637e-05	0.0007477601516022358	3.472570363477876e-06	0.0	0.0	4.9773508543182885e-05	0.0	0.0	0.0	0.0	0.0	0.0
SRR14514225_1	0.0005536903989831494	0.05947648174698079	7.961561292568162e-05	0.0002460846217702886	0.0	3.6188914966218914e-06	6.875893843581593e-05	0.00011218563639527862	0.0	0.0	0.0	0.0	0.0	4.1617252211151755e-05	0.0	0.0	0.0	0.0	0.0	0.0	0.0	0.0	0.0	0.0	0.0	0.00012123286513683337	0.0	0.0	0.0	0.0	0.0	0.00033836635493414684	0.0	0.0	0.0	0.0043607642534293795	0.01571322687833225	0.0008920567539172963	5.428337244932837e-06	0.0	0.0	0.0	0.0	7.237782993243783e-06	0.0006170210001740325	0.0	0.0	0.0013263237335119232	0.0	0.00013570843112332094	2.533224047635324e-05	0.0	0.0	0.0	0.0
SRR14514225_2	0.0	0.0	0.0	4.3426697959462694e-05	3.980780646284081e-05	3.980780646284081e-05	0.0009590062466048013	0.0	0.0	3.6188914966218914e-06	0.00024427517602197766	0.0	1.4475565986487566e-05	0.0	0.0	0.0	0.0	0.0	0.0	0.0011761397364021147	0.0003890308358868533	1.8094457483109457e-06	0.0	0.0	0.0	0.0	4.704558945608459e-05	0.0	0.0	0.0	0.0001574217801030523	0.0016140256074933636	0.0010585257627619032	0.0	0.0	0.0	0.0	0.0	0.0	0.0	0.0	0.0	0.0	4.1617252211151755e-05	0.0008106316952433037	3.6188914966218914e-06	0.0	0.0	3.076057772128608e-05	0.0	0.0	0.0	0.0	0.0	0.0
SRR14514226_1	0.0005462462793836423	0.058777833776852556	6.358422299703773e-05	0.00025722708394256173	0.0	8.670575863232416e-06	6.936460690585933e-05	0.00013583902185730786	0.0	0.0	0.0	0.0	0.0	5.20234551793945e-05	1.445095977205403e-06	0.0	0.0	0.0	0.0	0.0	0.0	0.0	0.0	0.0	0.0	0.000104046910358789	1.445095977205403e-06	0.0	0.0	0.0	0.0	0.00032081130693959944	0.0	0.0	0.0	0.004187888141941258	0.015325242838263298	0.0008511615305739823	5.780383908821612e-06	0.0	0.0	0.0	0.0	4.335287931616208e-06	0.000617055982266707	0.0	0.0	0.0012500080202826735	0.0	0.00013583902185730786	2.456663161249185e-05	0.0	0.0	0.0	0.0
SRR14514226_2	0.0	0.0	0.0	3.4682303452929665e-05	4.0462687361751284e-05	4.6243071270572896e-05	0.000982665264499674	0.0	0.0	1.445095977205403e-06	0.00021676439658081044	0.0	1.4450959772054028e-05	0.0	0.0	0.0	0.0	0.0	0.0	0.0012095453329209222	0.0003583838023469399	1.445095977205403e-06	0.0	0.0	0.0	0.0	4.335287931616209e-05	0.0	0.0	0.0	0.00015751546151538892	0.0016950975812619377	0.0010130122800209875	0.0	0.0	0.0	0.0	0.0	0.0	0.0	0.0	0.0	0.0	4.6243071270572896e-05	0.0008092537472350256	4.335287931616208e-06	0.0	0.0	3.3237207475724264e-05	0.0	0.0	0.0	0.0	0.0	0.0
SRR14514227_1	0.0011065321641146105	0.061624771605412375	2.9023794468579946e-05	3.6279743085724934e-05	0.0	1.4511897234289973e-05	0.00021405048420577712	0.0	0.0	0.0	0.0	0.0	0.0	2.1767845851434962e-05	0.0	0.0	0.0	0.0	0.0	0.0	0.0	0.0	0.0	0.0	0.0	0.00015418890811433095	3.6279743085724934e-05	0.0	0.0	0.0	0.0	0.0007709445405716548	0.0	0.0	0.0	0.005619732203978792	0.015623871359867442	0.001661612233326202	5.986157609144614e-05	0.0	0.0	0.0	0.0	0.0	3.6279743085724934e-05	0.0	0.0	0.0022330181869263696	0.0	0.00011428119072003353	6.348955040001863e-05	0.0	0.0	0.0	0.0
SRR14514227_2	0.0	3.6279743085724933e-06	0.0	3.6279743085724934e-05	2.9023794468579946e-05	0.0	0.0009469012945374207	0.0	0.0	5.4419614628587405e-06	1.0883922925717481e-05	0.0	6.530353755430488e-05	0.0	0.0	0.0	0.0	0.0	0.0	0.0009378313587659895	0.0008253641552002423	1.8139871542862466e-06	0.0	0.0	0.0	0.0	0.0	0.0	0.0	0.0	0.0005224283004344391	0.0012770469566175176	0.0015600289526861721	0.0	0.0	0.0	0.0	0.0	0.0	0.0	0.0	0.0	0.0	1.8139871542862466e-06	0.0005568940563658777	0.0	0.0	0.0	0.0	0.0	0.0	0.0	0.0	0.0	0.0
SRR14514228_1	0.00048057358124217357	0.05936881792760456	6.865336874888194e-05	0.0002876903071381719	0.0	6.538416071322089e-06	5.88457446418988e-05	0.0001928832741040016	0.0	0.0	0.0	0.0	0.0	4.903812053491566e-05	0.0	0.0	0.0	0.0	0.0	0.0	0.0	0.0	0.0	0.0	0.0	0.00012913371740861125	0.0	0.0	0.0	0.0	0.0	0.0003350938236552571	0.0	0.0	0.0	0.004305546982965596	0.015605564558227996	0.0008810515656106514	6.538416071322089e-06	0.0	0.0	0.0	0.0	9.807624106983132e-06	0.0006391301709717342	0.0	0.0	0.0013191254423892314	0.0	0.00018144104597918795	1.9615248213966265e-05	0.0	0.0	0.0	0.0
SRR14514228_2	0.0	0.0	0.0	4.249970446359357e-05	5.557653660623775e-05	5.88457446418988e-05	0.0009774932026626521	0.0	0.0	0.0	0.00024028679062108678	0.0	1.1442228124813654e-05	0.0	0.0	0.0	0.0	0.0	0.0	0.0012161453892659084	0.0003775935281188506	3.2692080356610444e-06	0.0	0.0	0.0	0.0	4.576891249925462e-05	0.0	0.0	0.0	0.00016672960981871325	0.0017326802589003533	0.0010379735513223816	0.0	0.0	0.0	0.0	0.0	0.0	0.0	0.0	0.0	0.0	5.230732857057671e-05	0.0008189366129330917	1.6346040178305222e-06	0.0	0.0	3.269208035661044e-05	0.0	0.0	0.0	0.0	0.0	0.0
SRR14514229_1	0.0011748575906705863	0.062296461134940355	4.5326295936365216e-05	6.889596982327514e-05	0.0	7.2522073498184355e-06	0.0002284445315192807	0.0	0.0	0.0	0.0	0.0	0.0	2.0850096130728e-05	0.0	0.0	0.0	0.0	0.0	0.0	0.0	0.0	0.0	0.0	0.0	0.00011512879167836765	2.538272572436452e-05	0.0	0.0	0.0	0.0	0.0008294712156354835	0.0	0.0	0.0	0.0059486230786885705	0.016014686880236557	0.0018366215113415185	4.1700192261456e-05	0.0	0.0	0.0	0.0	0.0	5.892418471727478e-05	0.0	0.0	0.0023905088476839018	0.0	7.342859941691164e-05	6.164376247345669e-05	0.0	0.0	9.065259187273044e-07	0.0
SRR14514229_2	0.0	5.439155512363826e-06	3.6261036749092177e-06	2.538272572436452e-05	3.444798491163757e-05	3.6261036749092177e-06	0.0008466952080913023	0.0	0.0	1.8130518374546089e-06	1.269136286218226e-05	0.0	4.895239961127444e-05	0.0	0.0	0.0	0.0	0.0	0.0	0.0009300955926142144	0.0009010867632149404	9.065259187273044e-07	0.0	0.0	0.0	0.0	0.0	0.0	0.0	0.0	0.0005493547067487465	0.001230155671712952	0.001734184082525333	0.0	0.0	0.0	0.0	0.0	0.0	0.0	0.0	0.0	0.0	9.065259187273042e-06	0.0005502612326674737	1.8130518374546089e-06	0.0	0.0	0.0	0.0	0.0	0.0	0.0	0.0	0.0
SRR14514230_1	0.0010362205123304485	0.06134499714036565	4.085457217073453e-05	1.4856208062085281e-05	0.0	1.4856208062085281e-05	0.00024512743302440717	0.0	0.0	0.0	0.0	0.0	0.0	2.5998364108649245e-05	0.0	0.0	0.0	0.0	0.0	0.0	0.0	0.0	0.0	0.0	0.0	0.00013370587255876756	3.7140520155213207e-05	0.0	0.0	0.0	0.0	0.00075952363717411	0.0	0.0	0.0	0.005643502037584647	0.015589733335150742	0.0016713234069845942	4.8282676201777165e-05	0.0	0.0	0.0	0.0	0.0	6.870996228714443e-05	0.0	0.0	0.00225071552140592	0.0	6.313888426386245e-05	6.128185825610179e-05	0.0	0.0	0.0	0.0
SRR14514230_2	0.0	0.0	3.7140520155213202e-06	2.5998364108649245e-05	2.9712416124170562e-05	3.7140520155213202e-06	0.0008542319635699037	0.0	0.0	1.1142156046563962e-05	2.2284312093127924e-05	0.0	5.3853754225059144e-05	0.0	0.0	0.0	0.0	0.0	0.0	0.0008523749375621431	0.0008672311456242283	0.0	0.0	0.0	0.0	0.0	0.0	0.0	0.0	0.0	0.0005125391781419423	0.0011680693588814552	0.0015970423666741677	0.0	0.0	0.0	0.0	0.0	0.0	0.0	0.0	0.0	0.0	1.2999182054324622e-05	0.000486540814033293	1.8570260077606601e-06	0.0	0.0	0.0	0.0	0.0	0.0	0.0	0.0	0.0
