	21.0	22.0	23.0	24.0	25.0	26.0	27.0	28.0	29.0	30.0	31.0	32.0	33.0	34.0	35.0	36.0	37.0
SRR14514161_1	1.0	14.0	120.0	750.0	3686.0	13197.0	39407.0	92221.0	185386.0	319218.0	507299.0	756510.0	1166575.0	2057767.0	6734859.0	26345926.0	1332038.0
	20.0	21.0	22.0	23.0	24.0	25.0	26.0	27.0	28.0	29.0	30.0	31.0	32.0	33.0	34.0	35.0	36.0	37.0
SRR14514161_2	3.0	47.0	386.0	1899.0	6324.0	17399.0	38631.0	76712.0	133957.0	219987.0	336732.0	503481.0	732260.0	1117274.0	1921802.0	4636982.0	21457102.0	8353996.0
	22.0	23.0	24.0	25.0	26.0	27.0	28.0	29.0	30.0	31.0	32.0	33.0	34.0	35.0	36.0	37.0
SRR14514162_1	4.0	58.0	372.0	1844.0	7174.0	23089.0	57470.0	122114.0	215108.0	341806.0	501793.0	762558.0	1335473.0	4163739.0	17128738.0	686950.0
	21.0	22.0	23.0	24.0	25.0	26.0	27.0	28.0	29.0	30.0	31.0	32.0	33.0	34.0	35.0	36.0	37.0
SRR14514162_2	26.0	205.0	965.0	3325.0	9794.0	21786.0	44967.0	80634.0	136868.0	215521.0	331096.0	490985.0	752455.0	1300985.0	3215439.0	14648883.0	4094356.0
	20.0	21.0	22.0	23.0	24.0	25.0	26.0	27.0	28.0	29.0	30.0	31.0	32.0	33.0	34.0	35.0	36.0	37.0
SRR14514163_1	1.0	1.0	5.0	65.0	451.0	2099.0	8228.0	25751.0	63639.0	134680.0	236785.0	376199.0	558884.0	861076.0	1523925.0	4618713.0	21709262.0	964616.0
	21.0	22.0	23.0	24.0	25.0	26.0	27.0	28.0	29.0	30.0	31.0	32.0	33.0	34.0	35.0	36.0	37.0
SRR14514163_2	29.0	236.0	1240.0	4155.0	11457.0	24711.0	50582.0	89262.0	148936.0	234253.0	359025.0	528837.0	809412.0	1406237.0	3530731.0	18429932.0	5455345.0
	22.0	23.0	24.0	25.0	26.0	27.0	28.0	29.0	30.0	31.0	32.0	33.0	34.0	35.0	36.0	37.0
SRR14514164_1	7.0	47.0	297.0	1585.0	5885.0	18591.0	46080.0	96707.0	172911.0	279580.0	420311.0	652593.0	1145164.0	3390376.0	16208193.0	720318.0
	20.0	21.0	22.0	23.0	24.0	25.0	26.0	27.0	28.0	29.0	30.0	31.0	32.0	33.0	34.0	35.0	36.0	37.0
SRR14514164_2	5.0	38.0	199.0	1128.0	3581.0	10084.0	22137.0	44062.0	76127.0	125836.0	193844.0	293727.0	427700.0	651239.0	1128313.0	2801751.0	13702392.0	3676482.0
	22.0	23.0	24.0	25.0	26.0	27.0	28.0	29.0	30.0	31.0	32.0	33.0	34.0	35.0	36.0	37.0
SRR14514165_1	6.0	61.0	394.0	2050.0	7812.0	24580.0	62015.0	131496.0	234094.0	375653.0	564001.0	871578.0	1557334.0	4835970.0	20133077.0	796318.0
	21.0	22.0	23.0	24.0	25.0	26.0	27.0	28.0	29.0	30.0	31.0	32.0	33.0	34.0	35.0	36.0	37.0
SRR14514165_2	26.0	195.0	1035.0	3693.0	10561.0	24453.0	50512.0	90110.0	155061.0	244377.0	377262.0	561370.0	863611.0	1493996.0	3631762.0	17195278.0	4893137.0
	22.0	23.0	24.0	25.0	26.0	27.0	28.0	29.0	30.0	31.0	32.0	33.0	34.0	35.0	36.0	37.0
SRR14514166_1	3.0	24.0	155.0	644.0	2263.0	6703.0	15821.0	31541.0	53780.0	85156.0	125382.0	190616.0	323314.0	894783.0	3858482.0	164296.0
	20.0	21.0	22.0	23.0	24.0	25.0	26.0	27.0	28.0	29.0	30.0	31.0	32.0	33.0	34.0	35.0	36.0	37.0
SRR14514166_2	2.0	9.0	68.0	305.0	1084.0	2947.0	6324.0	12175.0	21163.0	34488.0	53177.0	79799.0	116332.0	176952.0	303182.0	726337.0	3349726.0	868893.0
	22.0	23.0	24.0	25.0	26.0	27.0	28.0	29.0	30.0	31.0	32.0	33.0	34.0	35.0	36.0	37.0
SRR14514167_1	4.0	70.0	415.0	2092.0	7748.0	24834.0	61736.0	131439.0	237245.0	386586.0	592716.0	939325.0	1686718.0	5095803.0	22472574.0	952486.0
	20.0	21.0	22.0	23.0	24.0	25.0	26.0	27.0	28.0	29.0	30.0	31.0	32.0	33.0	34.0	35.0	36.0	37.0
SRR14514167_2	2.0	38.0	319.0	1658.0	5643.0	15989.0	35268.0	70403.0	123227.0	204507.0	314797.0	476282.0	699811.0	1068597.0	1843193.0	4385494.0	18614383.0	4732180.0
	22.0	23.0	24.0	25.0	26.0	27.0	28.0	29.0	30.0	31.0	32.0	33.0	34.0	35.0	36.0	37.0
SRR14514168_1	3.0	44.0	273.0	1414.0	5362.0	16855.0	42279.0	89114.0	157541.0	250070.0	369521.0	562905.0	989811.0	3119486.0	13728777.0	568800.0
	21.0	22.0	23.0	24.0	25.0	26.0	27.0	28.0	29.0	30.0	31.0	32.0	33.0	34.0	35.0	36.0	37.0
SRR14514168_2	18.0	148.0	674.0	2285.0	6528.0	14478.0	29913.0	54622.0	93306.0	149752.0	232323.0	346635.0	534081.0	929175.0	2308763.0	11756800.0	3442754.0
	22.0	23.0	24.0	25.0	26.0	27.0	28.0	29.0	30.0	31.0	32.0	33.0	34.0	35.0	36.0	37.0
SRR14514169_1	5.0	66.0	372.0	1831.0	7149.0	22707.0	56837.0	119112.0	208912.0	333129.0	490260.0	745376.0	1311087.0	4199700.0	18557959.0	767386.0
	20.0	21.0	22.0	23.0	24.0	25.0	26.0	27.0	28.0	29.0	30.0	31.0	32.0	33.0	34.0	35.0	36.0	37.0
SRR14514169_2	1.0	24.0	172.0	900.0	2991.0	8648.0	19667.0	40651.0	74265.0	126790.0	200829.0	311866.0	463200.0	713026.0	1242016.0	3112127.0	15655672.0	4849043.0
	21.0	22.0	23.0	24.0	25.0	26.0	27.0	28.0	29.0	30.0	31.0	32.0	33.0	34.0	35.0	36.0	37.0
SRR14514170_1	1.0	6.0	107.0	605.0	3191.0	12102.0	37372.0	91957.0	190862.0	336163.0	533470.0	795159.0	1222872.0	2167285.0	6717694.0	30937527.0	1295609.0
	20.0	21.0	22.0	23.0	24.0	25.0	26.0	27.0	28.0	29.0	30.0	31.0	32.0	33.0	34.0	35.0	36.0	37.0
SRR14514170_2	4.0	47.0	316.0	1622.0	5474.0	15348.0	35022.0	70297.0	126175.0	211160.0	330908.0	507809.0	756592.0	1159538.0	2038061.0	5194870.0	26331745.0	7556994.0
	22.0	23.0	24.0	25.0	26.0	27.0	28.0	29.0	30.0	31.0	32.0	33.0	34.0	35.0	36.0	37.0
SRR14514171_1	10.0	67.0	445.0	2085.0	7571.0	23840.0	59886.0	127146.0	226764.0	366757.0	554138.0	864821.0	1546434.0	4632012.0	18938862.0	690988.0
	20.0	21.0	22.0	23.0	24.0	25.0	26.0	27.0	28.0	29.0	30.0	31.0	32.0	33.0	34.0	35.0	36.0	37.0
SRR14514171_2	1.0	62.0	316.0	1624.0	5544.0	15481.0	34976.0	69576.0	123697.0	205222.0	314537.0	475504.0	693748.0	1053077.0	1806921.0	4204604.0	15771310.0	3265626.0
	22.0	23.0	24.0	25.0	26.0	27.0	28.0	29.0	30.0	31.0	32.0	33.0	34.0	35.0	36.0	37.0
SRR14514172_1	4.0	52.0	261.0	1351.0	5235.0	16572.0	42035.0	88740.0	156917.0	251232.0	372769.0	568696.0	999324.0	3117640.0	13806939.0	553315.0
	20.0	21.0	22.0	23.0	24.0	25.0	26.0	27.0	28.0	29.0	30.0	31.0	32.0	33.0	34.0	35.0	36.0	37.0
SRR14514172_2	1.0	20.0	155.0	793.0	2668.0	7503.0	17042.0	34599.0	62727.0	106481.0	169262.0	259778.0	384148.0	585198.0	1009893.0	2458712.0	11666061.0	3216041.0
	22.0	23.0	24.0	25.0	26.0	27.0	28.0	29.0	30.0	31.0	32.0	33.0	34.0	35.0	36.0	37.0
SRR14514173_1	3.0	66.0	348.0	1781.0	6923.0	21609.0	54531.0	115545.0	203533.0	318600.0	465420.0	707461.0	1240236.0	3718946.0	18197112.0	809349.0
	20.0	21.0	22.0	23.0	24.0	25.0	26.0	27.0	28.0	29.0	30.0	31.0	32.0	33.0	34.0	35.0	36.0	37.0
SRR14514173_2	3.0	17.0	169.0	887.0	2982.0	8176.0	18341.0	37374.0	67554.0	114382.0	182201.0	282400.0	421073.0	640118.0	1109763.0	2801816.0	15586401.0	4587806.0
	22.0	23.0	24.0	25.0	26.0	27.0	28.0	29.0	30.0	31.0	32.0	33.0	34.0	35.0	36.0	37.0
SRR14514174_1	4.0	46.0	303.0	1680.0	7035.0	21911.0	55311.0	116239.0	206835.0	329591.0	489399.0	741738.0	1302727.0	4332690.0	19518698.0	895389.0
	20.0	21.0	22.0	23.0	24.0	25.0	26.0	27.0	28.0	29.0	30.0	31.0	32.0	33.0	34.0	35.0	36.0	37.0
SRR14514174_2	2.0	24.0	180.0	955.0	3142.0	9148.0	20552.0	42325.0	75638.0	129801.0	206172.0	318737.0	475580.0	733873.0	1278463.0	3226847.0	16277923.0	5220234.0
	21.0	22.0	23.0	24.0	25.0	26.0	27.0	28.0	29.0	30.0	31.0	32.0	33.0	34.0	35.0	36.0	37.0
SRR14514175_1	1.0	6.0	55.0	314.0	1556.0	6001.0	18970.0	48846.0	104689.0	188249.0	305142.0	462923.0	725051.0	1291114.0	3876804.0	17715028.0	802336.0
	19.0	20.0	21.0	22.0	23.0	24.0	25.0	26.0	27.0	28.0	29.0	30.0	31.0	32.0	33.0	34.0	35.0	36.0	37.0
SRR14514175_2	1.0	1.0	32.0	167.0	965.0	3380.0	9752.0	21646.0	44254.0	78397.0	131638.0	208425.0	318508.0	471141.0	721271.0	1241996.0	3008692.0	14921249.0	4365570.0
	22.0	23.0	24.0	25.0	26.0	27.0	28.0	29.0	30.0	31.0	32.0	33.0	34.0	35.0	36.0	37.0
SRR14514176_1	6.0	60.0	398.0	1904.0	7025.0	22065.0	54329.0	113957.0	203817.0	330775.0	505045.0	793057.0	1415318.0	4125619.0	17751876.0	751084.0
	20.0	21.0	22.0	23.0	24.0	25.0	26.0	27.0	28.0	29.0	30.0	31.0	32.0	33.0	34.0	35.0	36.0	37.0
SRR14514176_2	5.0	42.0	306.0	1497.0	5032.0	14256.0	31114.0	61283.0	107045.0	174887.0	267758.0	402846.0	585428.0	889235.0	1508726.0	3482880.0	14712944.0	3831051.0
	21.0	22.0	23.0	24.0	25.0	26.0	27.0	28.0	29.0	30.0	31.0	32.0	33.0	34.0	35.0	36.0	37.0
SRR14514177_1	2.0	12.0	57.0	353.0	1771.0	6460.0	19334.0	46582.0	97309.0	171982.0	283664.0	438454.0	699557.0	1265006.0	3705571.0	15273827.0	661395.0
	20.0	21.0	22.0	23.0	24.0	25.0	26.0	27.0	28.0	29.0	30.0	31.0	32.0	33.0	34.0	35.0	36.0	37.0
SRR14514177_2	4.0	31.0	264.0	1329.0	4497.0	12514.0	28010.0	55204.0	95747.0	156962.0	239995.0	361709.0	534041.0	821078.0	1418728.0	3273901.0	12603358.0	3063964.0
	22.0	23.0	24.0	25.0	26.0	27.0	28.0	29.0	30.0	31.0	32.0	33.0	34.0	35.0	36.0	37.0
SRR14514178_1	4.0	66.0	405.0	1891.0	7297.0	22281.0	54387.0	113454.0	200120.0	320738.0	480648.0	738163.0	1306197.0	4032239.0	17591127.0	692118.0
	20.0	21.0	22.0	23.0	24.0	25.0	26.0	27.0	28.0	29.0	30.0	31.0	32.0	33.0	34.0	35.0	36.0	37.0
SRR14514178_2	2.0	21.0	185.0	1039.0	3508.0	10071.0	22464.0	45187.0	79971.0	135843.0	211073.0	324166.0	479187.0	727422.0	1246425.0	3003753.0	15018611.0	4252207.0
	22.0	23.0	24.0	25.0	26.0	27.0	28.0	29.0	30.0	31.0	32.0	33.0	34.0	35.0	36.0	37.0
SRR14514179_1	8.0	70.0	508.0	2520.0	9394.0	30763.0	76252.0	162087.0	287062.0	458767.0	677477.0	1031427.0	1791617.0	5568785.0	24676900.0	1028341.0
	20.0	21.0	22.0	23.0	24.0	25.0	26.0	27.0	28.0	29.0	30.0	31.0	32.0	33.0	34.0	35.0	36.0	37.0
SRR14514179_2	3.0	43.0	260.0	1382.0	4617.0	12833.0	29210.0	59516.0	107209.0	182703.0	291215.0	449593.0	664963.0	1013497.0	1745231.0	4258678.0	20727810.0	6253215.0
	22.0	23.0	24.0	25.0	26.0	27.0	28.0	29.0	30.0	31.0	32.0	33.0	34.0	35.0	36.0	37.0
SRR14514180_1	3.0	57.0	289.0	1666.0	6041.0	19375.0	47163.0	99043.0	174085.0	280951.0	421976.0	653928.0	1169693.0	3555560.0	15811683.0	657193.0
	19.0	20.0	21.0	22.0	23.0	24.0	25.0	26.0	27.0	28.0	29.0	30.0	31.0	32.0	33.0	34.0	35.0	36.0	37.0
SRR14514180_2	1.0	2.0	31.0	178.0	964.0	3160.0	9084.0	20307.0	40484.0	71931.0	119331.0	185077.0	281554.0	417123.0	640322.0	1119260.0	2782179.0	13448450.0	3759268.0
	21.0	22.0	23.0	24.0	25.0	26.0	27.0	28.0	29.0	30.0	31.0	32.0	33.0	34.0	35.0	36.0	37.0
SRR14514181_1	1.0	7.0	67.0	443.0	2213.0	7961.0	25903.0	64799.0	138455.0	243163.0	386914.0	572682.0	877191.0	1515613.0	4492251.0	22000388.0	1012000.0
	20.0	21.0	22.0	23.0	24.0	25.0	26.0	27.0	28.0	29.0	30.0	31.0	32.0	33.0	34.0	35.0	36.0	37.0
SRR14514181_2	1.0	30.0	211.0	1095.0	3709.0	10317.0	22808.0	46407.0	83385.0	140591.0	223701.0	344834.0	509784.0	776056.0	1331205.0	3272824.0	18484892.0	6088201.0
	22.0	23.0	24.0	25.0	26.0	27.0	28.0	29.0	30.0	31.0	32.0	33.0	34.0	35.0	36.0	37.0
SRR14514182_1	10.0	103.0	736.0	3603.0	14116.0	44943.0	111626.0	234186.0	415865.0	664322.0	989986.0	1526624.0	2708818.0	8492297.0	39099042.0	1673201.0
	20.0	21.0	22.0	23.0	24.0	25.0	26.0	27.0	28.0	29.0	30.0	31.0	32.0	33.0	34.0	35.0	36.0	37.0
SRR14514182_2	6.0	52.0	356.0	1851.0	6531.0	18361.0	41681.0	84774.0	152221.0	259118.0	407418.0	627400.0	930728.0	1424964.0	2492142.0	6347841.0	33251533.0	9932501.0
	21.0	22.0	23.0	24.0	25.0	26.0	27.0	28.0	29.0	30.0	31.0	32.0	33.0	34.0	35.0	36.0	37.0
SRR14514183_1	1.0	10.0	71.0	430.0	2068.0	7691.0	23278.0	57705.0	119844.0	210398.0	336299.0	500931.0	769297.0	1347634.0	4061432.0	16977795.0	624494.0
	20.0	21.0	22.0	23.0	24.0	25.0	26.0	27.0	28.0	29.0	30.0	31.0	32.0	33.0	34.0	35.0	36.0	37.0
SRR14514183_2	1.0	26.0	257.0	1174.0	3892.0	11105.0	24644.0	49945.0	89154.0	149371.0	233967.0	357160.0	526733.0	804807.0	1395410.0	3367960.0	14473774.0	3549998.0
	21.0	22.0	23.0	24.0	25.0	26.0	27.0	28.0	29.0	30.0	31.0	32.0	33.0	34.0	35.0	36.0	37.0
SRR14514184_1	1.0	4.0	73.0	475.0	2433.0	9218.0	29107.0	71816.0	149714.0	266315.0	429098.0	645453.0	1002159.0	1779810.0	5396852.0	20836185.0	790144.0
	20.0	21.0	22.0	23.0	24.0	25.0	26.0	27.0	28.0	29.0	30.0	31.0	32.0	33.0	34.0	35.0	36.0	37.0
SRR14514184_2	3.0	28.0	187.0	1114.0	3877.0	11041.0	24209.0	49955.0	90252.0	154060.0	246202.0	384732.0	577635.0	895379.0	1572960.0	3897533.0	18551158.0	4948532.0
	21.0	22.0	23.0	24.0	25.0	26.0	27.0	28.0	29.0	30.0	31.0	32.0	33.0	34.0	35.0	36.0	37.0
SRR14514185_1	1.0	6.0	45.0	274.0	1295.0	4960.0	15705.0	38675.0	83023.0	152009.0	252475.0	389628.0	624602.0	1139780.0	3509958.0	14942550.0	647611.0
	20.0	21.0	22.0	23.0	24.0	25.0	26.0	27.0	28.0	29.0	30.0	31.0	32.0	33.0	34.0	35.0	36.0	37.0
SRR14514185_2	2.0	38.0	197.0	1010.0	3486.0	9997.0	22631.0	45826.0	81199.0	135956.0	210734.0	320839.0	473404.0	732126.0	1285363.0	3134004.0	12529319.0	2816466.0
	21.0	22.0	23.0	24.0	25.0	26.0	27.0	28.0	29.0	30.0	31.0	32.0	33.0	34.0	35.0	36.0	37.0
SRR14514186_1	2.0	8.0	46.0	348.0	1640.0	6142.0	18688.0	46212.0	95560.0	167072.0	266695.0	396353.0	608593.0	1071531.0	3280515.0	13650273.0	514355.0
	21.0	22.0	23.0	24.0	25.0	26.0	27.0	28.0	29.0	30.0	31.0	32.0	33.0	34.0	35.0	36.0	37.0
SRR14514186_2	18.0	171.0	869.0	2712.0	7835.0	17475.0	35818.0	63939.0	109244.0	171711.0	262210.0	387892.0	592943.0	1027447.0	2521986.0	11808285.0	3113478.0
	22.0	23.0	24.0	25.0	26.0	27.0	28.0	29.0	30.0	31.0	32.0	33.0	34.0	35.0	36.0	37.0
SRR14514187_1	9.0	34.0	255.0	1251.0	4973.0	16234.0	41322.0	86004.0	149651.0	236689.0	354654.0	548047.0	976506.0	2956793.0	11881900.0	440032.0
	20.0	21.0	22.0	23.0	24.0	25.0	26.0	27.0	28.0	29.0	30.0	31.0	32.0	33.0	34.0	35.0	36.0	37.0
SRR14514187_2	1.0	11.0	91.0	469.0	1658.0	5009.0	11526.0	24391.0	45261.0	80481.0	130602.0	207768.0	317567.0	494851.0	882045.0	2214298.0	10635541.0	2642784.0
	22.0	23.0	24.0	25.0	26.0	27.0	28.0	29.0	30.0	31.0	32.0	33.0	34.0	35.0	36.0	37.0
SRR14514188_1	3.0	57.0	294.0	1631.0	5780.0	18322.0	45455.0	95782.0	171239.0	279980.0	426049.0	665737.0	1178338.0	3469894.0	15357703.0	648216.0
	20.0	21.0	22.0	23.0	24.0	25.0	26.0	27.0	28.0	29.0	30.0	31.0	32.0	33.0	34.0	35.0	36.0	37.0
SRR14514188_2	2.0	42.0	245.0	1268.0	4290.0	12197.0	26921.0	53604.0	93850.0	154953.0	236700.0	354642.0	514887.0	773520.0	1306255.0	3008427.0	12664483.0	3158194.0
	22.0	23.0	24.0	25.0	26.0	27.0	28.0	29.0	30.0	31.0	32.0	33.0	34.0	35.0	36.0	37.0
SRR14514189_1	11.0	81.0	548.0	2708.0	9761.0	29928.0	69978.0	141178.0	240563.0	377092.0	548639.0	833944.0	1488225.0	5232787.0	19415756.0	999135.0
	21.0	22.0	23.0	24.0	25.0	26.0	27.0	28.0	29.0	30.0	31.0	32.0	33.0	34.0	35.0	36.0	37.0
SRR14514189_2	43.0	218.0	1230.0	4101.0	10785.0	24028.0	47448.0	84015.0	140234.0	218024.0	332823.0	489069.0	754850.0	1316061.0	3332801.0	15942904.0	6691700.0
	22.0	23.0	24.0	25.0	26.0	27.0	28.0	29.0	30.0	31.0	32.0	33.0	34.0	35.0	36.0	37.0
SRR14514190_1	7.0	53.0	272.0	1430.0	5336.0	16932.0	42654.0	89192.0	159945.0	258784.0	387436.0	598705.0	1059656.0	3192282.0	13346831.0	518572.0
	21.0	22.0	23.0	24.0	25.0	26.0	27.0	28.0	29.0	30.0	31.0	32.0	33.0	34.0	35.0	36.0	37.0
SRR14514190_2	10.0	149.0	806.0	2744.0	7827.0	17763.0	36272.0	64824.0	108468.0	170303.0	262279.0	389372.0	594034.0	1016928.0	2440999.0	11448416.0	3116893.0
	22.0	23.0	24.0	25.0	26.0	27.0	28.0	29.0	30.0	31.0	32.0	33.0	34.0	35.0	36.0	37.0
SRR14514191_1	13.0	82.0	527.0	2400.0	9279.0	29397.0	72666.0	151109.0	264666.0	419930.0	623091.0	957400.0	1699097.0	5240090.0	20493061.0	801121.0
	20.0	21.0	22.0	23.0	24.0	25.0	26.0	27.0	28.0	29.0	30.0	31.0	32.0	33.0	34.0	35.0	36.0	37.0
SRR14514191_2	2.0	24.0	160.0	925.0	3255.0	9115.0	20754.0	42977.0	79015.0	136636.0	220320.0	346078.0	523687.0	822878.0	1460687.0	3668884.0	18017260.0	5411272.0
	21.0	22.0	23.0	24.0	25.0	26.0	27.0	28.0	29.0	30.0	31.0	32.0	33.0	34.0	35.0	36.0	37.0
SRR14514192_1	1.0	14.0	100.0	655.0	3454.0	12597.0	38914.0	94932.0	198559.0	349053.0	557902.0	824655.0	1259550.0	2207160.0	6809812.0	29039378.0	1148466.0
	20.0	21.0	22.0	23.0	24.0	25.0	26.0	27.0	28.0	29.0	30.0	31.0	32.0	33.0	34.0	35.0	36.0	37.0
SRR14514192_2	4.0	49.0	355.0	1675.0	6022.0	16623.0	37363.0	75710.0	135912.0	228230.0	359777.0	551869.0	816541.0	1253685.0	2176416.0	5368867.0	24655468.0	6860636.0
	21.0	22.0	23.0	24.0	25.0	26.0	27.0	28.0	29.0	30.0	31.0	32.0	33.0	34.0	35.0	36.0	37.0
SRR14514193_1	1.0	8.0	89.0	546.0	2552.0	9133.0	29205.0	71690.0	151443.0	266496.0	426694.0	631782.0	964852.0	1697500.0	5210779.0	22549044.0	884621.0
	19.0	20.0	21.0	22.0	23.0	24.0	25.0	26.0	27.0	28.0	29.0	30.0	31.0	32.0	33.0	34.0	35.0	36.0	37.0
SRR14514193_2	1.0	4.0	53.0	326.0	1637.0	5532.0	15394.0	34950.0	69726.0	123395.0	206536.0	320891.0	485764.0	711965.0	1083657.0	1870490.0	4535461.0	18821593.0	4609060.0
	22.0	23.0	24.0	25.0	26.0	27.0	28.0	29.0	30.0	31.0	32.0	33.0	34.0	35.0	36.0	37.0
SRR14514194_1	3.0	61.0	254.0	1445.0	5595.0	18064.0	47331.0	101022.0	178407.0	284763.0	424039.0	655966.0	1158768.0	3496084.0	16732380.0	743908.0
	20.0	21.0	22.0	23.0	24.0	25.0	26.0	27.0	28.0	29.0	30.0	31.0	32.0	33.0	34.0	35.0	36.0	37.0
SRR14514194_2	2.0	27.0	177.0	955.0	3251.0	8941.0	20261.0	41293.0	72737.0	122530.0	192095.0	294293.0	436741.0	662850.0	1147360.0	2833948.0	14092888.0	3917741.0
	22.0	23.0	24.0	25.0	26.0	27.0	28.0	29.0	30.0	31.0	32.0	33.0	34.0	35.0	36.0	37.0
SRR14514195_1	5.0	54.0	319.0	1589.0	6038.0	18490.0	46048.0	96914.0	172350.0	276480.0	414941.0	647863.0	1143820.0	3394564.0	14305987.0	557283.0
	19.0	20.0	21.0	22.0	23.0	24.0	25.0	26.0	27.0	28.0	29.0	30.0	31.0	32.0	33.0	34.0	35.0	36.0	37.0
SRR14514195_2	1.0	1.0	29.0	210.0	1011.0	3397.0	9536.0	21243.0	43136.0	76698.0	128873.0	202173.0	306435.0	448824.0	678400.0	1149078.0	2679442.0	12115767.0	3218491.0
	22.0	23.0	24.0	25.0	26.0	27.0	28.0	29.0	30.0	31.0	32.0	33.0	34.0	35.0	36.0	37.0
SRR14514196_1	1.0	21.0	127.0	570.0	2280.0	6835.0	16257.0	33590.0	59143.0	93929.0	140262.0	215585.0	374065.0	1113321.0	4560806.0	198369.0
	20.0	21.0	22.0	23.0	24.0	25.0	26.0	27.0	28.0	29.0	30.0	31.0	32.0	33.0	34.0	35.0	36.0	37.0
SRR14514196_2	1.0	5.0	59.0	307.0	1054.0	2681.0	6062.0	12012.0	21340.0	35520.0	56059.0	85562.0	126993.0	196002.0	340241.0	835076.0	3923707.0	1172480.0
	22.0	23.0	24.0	25.0	26.0	27.0	28.0	29.0	30.0	31.0	32.0	33.0	34.0	35.0	36.0	37.0
SRR14514197_1	5.0	53.0	376.0	1898.0	7114.0	21741.0	54180.0	113377.0	197322.0	310970.0	456595.0	691408.0	1195439.0	3641255.0	16384657.0	672835.0
	20.0	21.0	22.0	23.0	24.0	25.0	26.0	27.0	28.0	29.0	30.0	31.0	32.0	33.0	34.0	35.0	36.0	37.0
SRR14514197_2	1.0	32.0	192.0	1008.0	3359.0	9361.0	20844.0	42754.0	76863.0	131278.0	207494.0	317321.0	468159.0	708893.0	1211344.0	2973602.0	13817901.0	3758819.0
	22.0	23.0	24.0	25.0	26.0	27.0	28.0	29.0	30.0	31.0	32.0	33.0	34.0	35.0	36.0	37.0
SRR14514198_1	4.0	33.0	215.0	1156.0	4343.0	14047.0	36117.0	75143.0	135640.0	217664.0	319695.0	485302.0	844960.0	2598507.0	11796715.0	476815.0
	21.0	22.0	23.0	24.0	25.0	26.0	27.0	28.0	29.0	30.0	31.0	32.0	33.0	34.0	35.0	36.0	37.0
SRR14514198_2	13.0	84.0	506.0	1736.0	4867.0	11254.0	23713.0	42955.0	75205.0	122849.0	192322.0	290759.0	448144.0	783267.0	1964530.0	10206839.0	2837313.0
	22.0	23.0	24.0	25.0	26.0	27.0	28.0	29.0	30.0	31.0	32.0	33.0	34.0	35.0	36.0	37.0
SRR14514199_1	5.0	50.0	305.0	1527.0	5904.0	18326.0	46281.0	99355.0	177853.0	287381.0	431781.0	668804.0	1185340.0	3637414.0	15131351.0	569769.0
	20.0	21.0	22.0	23.0	24.0	25.0	26.0	27.0	28.0	29.0	30.0	31.0	32.0	33.0	34.0	35.0	36.0	37.0
SRR14514199_2	3.0	26.0	203.0	1087.0	3613.0	10762.0	23499.0	48877.0	86725.0	146497.0	228877.0	346499.0	508798.0	769430.0	1310946.0	3081589.0	12666795.0	3027220.0
	22.0	23.0	24.0	25.0	26.0	27.0	28.0	29.0	30.0	31.0	32.0	33.0	34.0	35.0	36.0	37.0
SRR14514200_1	10.0	58.0	403.0	2146.0	8406.0	26720.0	66409.0	139331.0	247000.0	396018.0	585551.0	891142.0	1554079.0	4838675.0	20367061.0	806218.0
	21.0	22.0	23.0	24.0	25.0	26.0	27.0	28.0	29.0	30.0	31.0	32.0	33.0	34.0	35.0	36.0	37.0
SRR14514200_2	30.0	234.0	1084.0	3651.0	10427.0	23800.0	49013.0	88692.0	152196.0	242155.0	375618.0	557833.0	854290.0	1481567.0	3658431.0	17407988.0	5022218.0
	21.0	22.0	23.0	24.0	25.0	26.0	27.0	28.0	29.0	30.0	31.0	32.0	33.0	34.0	35.0	36.0	37.0
SRR14514201_1	1.0	7.0	55.0	303.0	1791.0	6658.0	21167.0	52975.0	113584.0	202488.0	324606.0	488313.0	759162.0	1350209.0	4113670.0	19360687.0	843939.0
	21.0	22.0	23.0	24.0	25.0	26.0	27.0	28.0	29.0	30.0	31.0	32.0	33.0	34.0	35.0	36.0	37.0
SRR14514201_2	22.0	174.0	990.0	3419.0	9870.0	22246.0	45648.0	82092.0	138428.0	218573.0	335333.0	497692.0	767232.0	1343597.0	3395628.0	16431396.0	4347275.0
	22.0	23.0	24.0	25.0	26.0	27.0	28.0	29.0	30.0	31.0	32.0	33.0	34.0	35.0	36.0	37.0
SRR14514202_1	4.0	52.0	301.0	1568.0	5821.0	18326.0	45389.0	96340.0	171060.0	277277.0	414725.0	639096.0	1135993.0	3528031.0	16935498.0	749149.0
	20.0	21.0	22.0	23.0	24.0	25.0	26.0	27.0	28.0	29.0	30.0	31.0	32.0	33.0	34.0	35.0	36.0	37.0
SRR14514202_2	2.0	21.0	191.0	877.0	3007.0	8379.0	18860.0	38416.0	68311.0	116071.0	181737.0	279780.0	412567.0	632091.0	1100595.0	2786619.0	14221452.0	4149654.0
	21.0	22.0	23.0	24.0	25.0	26.0	27.0	28.0	29.0	30.0	31.0	32.0	33.0	34.0	35.0	36.0	37.0
SRR14514203_1	1.0	7.0	73.0	516.0	2643.0	9581.0	29813.0	74103.0	154068.0	269933.0	428061.0	635642.0	976785.0	1733819.0	5693991.0	28273852.0	1353752.0
	20.0	21.0	22.0	23.0	24.0	25.0	26.0	27.0	28.0	29.0	30.0	31.0	32.0	33.0	34.0	35.0	36.0	37.0
SRR14514203_2	3.0	44.0	220.0	1155.0	4145.0	11566.0	25777.0	51989.0	92692.0	157802.0	248776.0	383398.0	568747.0	864784.0	1466955.0	3633111.0	23090306.0	9035170.0
	22.0	23.0	24.0	25.0	26.0	27.0	28.0	29.0	30.0	31.0	32.0	33.0	34.0	35.0	36.0	37.0
SRR14514204_1	6.0	56.0	348.0	1731.0	6716.0	21293.0	53794.0	115338.0	207637.0	335883.0	503758.0	776337.0	1355769.0	4090558.0	17506206.0	712719.0
	20.0	21.0	22.0	23.0	24.0	25.0	26.0	27.0	28.0	29.0	30.0	31.0	32.0	33.0	34.0	35.0	36.0	37.0
SRR14514204_2	1.0	30.0	243.0	1244.0	3963.0	11157.0	25123.0	50916.0	91230.0	153788.0	238660.0	365179.0	538588.0	824644.0	1416051.0	3382571.0	14680634.0	3904127.0
	22.0	23.0	24.0	25.0	26.0	27.0	28.0	29.0	30.0	31.0	32.0	33.0	34.0	35.0	36.0	37.0
SRR14514205_1	11.0	76.0	499.0	2570.0	9800.0	30797.0	77574.0	163989.0	290675.0	467913.0	696057.0	1064114.0	1824021.0	5489561.0	27042647.0	1277026.0
	20.0	21.0	22.0	23.0	24.0	25.0	26.0	27.0	28.0	29.0	30.0	31.0	32.0	33.0	34.0	35.0	36.0	37.0
SRR14514205_2	4.0	53.0	296.0	1417.0	4876.0	13743.0	30288.0	60696.0	107414.0	179752.0	282010.0	430275.0	633911.0	967537.0	1674462.0	4218060.0	22660831.0	7171705.0
	22.0	23.0	24.0	25.0	26.0	27.0	28.0	29.0	30.0	31.0	32.0	33.0	34.0	35.0	36.0	37.0
SRR14514206_1	5.0	42.0	270.0	1225.0	5072.0	15849.0	40087.0	85706.0	155962.0	257581.0	396651.0	625024.0	1114736.0	3311118.0	13736313.0	533435.0
	21.0	22.0	23.0	24.0	25.0	26.0	27.0	28.0	29.0	30.0	31.0	32.0	33.0	34.0	35.0	36.0	37.0
SRR14514206_2	44.0	266.0	1169.0	3934.0	11137.0	24738.0	49894.0	87209.0	144119.0	221797.0	337288.0	495823.0	758787.0	1298272.0	3001016.0	11425716.0	2417867.0
	22.0	23.0	24.0	25.0	26.0	27.0	28.0	29.0	30.0	31.0	32.0	33.0	34.0	35.0	36.0	37.0
SRR14514207_1	15.0	105.0	554.0	2662.0	10232.0	32462.0	79775.0	165871.0	290439.0	455884.0	667996.0	1016093.0	1772231.0	5367152.0	26324813.0	1191963.0
	20.0	21.0	22.0	23.0	24.0	25.0	26.0	27.0	28.0	29.0	30.0	31.0	32.0	33.0	34.0	35.0	36.0	37.0
SRR14514207_2	2.0	36.0	250.0	1412.0	4726.0	13232.0	29509.0	58338.0	104288.0	173956.0	272330.0	419231.0	619914.0	941971.0	1635018.0	4134161.0	22178136.0	6791737.0
	22.0	23.0	24.0	25.0	26.0	27.0	28.0	29.0	30.0	31.0	32.0	33.0	34.0	35.0	36.0	37.0
SRR14514208_1	6.0	56.0	361.0	1804.0	6605.0	20472.0	51008.0	107378.0	188369.0	299753.0	446536.0	688609.0	1222896.0	3704828.0	17925300.0	772258.0
	20.0	21.0	22.0	23.0	24.0	25.0	26.0	27.0	28.0	29.0	30.0	31.0	32.0	33.0	34.0	35.0	36.0	37.0
SRR14514208_2	5.0	39.0	247.0	1195.0	4135.0	11461.0	25949.0	51491.0	91007.0	150689.0	233230.0	352981.0	517415.0	792250.0	1391586.0	3477313.0	15041913.0	3293333.0
	21.0	22.0	23.0	24.0	25.0	26.0	27.0	28.0	29.0	30.0	31.0	32.0	33.0	34.0	35.0	36.0	37.0
SRR14514209_1	2.0	8.0	74.0	450.0	2290.0	8524.0	26667.0	66392.0	141533.0	252684.0	410944.0	622538.0	975168.0	1720468.0	4970447.0	21490570.0	942042.0
	20.0	21.0	22.0	23.0	24.0	25.0	26.0	27.0	28.0	29.0	30.0	31.0	32.0	33.0	34.0	35.0	36.0	37.0
SRR14514209_2	3.0	54.0	363.0	1882.0	6265.0	17658.0	38818.0	76818.0	133352.0	218922.0	336650.0	504099.0	734166.0	1115213.0	1890675.0	4308963.0	17559203.0	4687697.0
	22.0	23.0	24.0	25.0	26.0	27.0	28.0	29.0	30.0	31.0	32.0	33.0	34.0	35.0	36.0	37.0
SRR14514210_1	10.0	51.0	349.0	1753.0	6550.0	20697.0	51521.0	108381.0	193942.0	311374.0	463655.0	714038.0	1254666.0	3739899.0	17436399.0	732543.0
	20.0	21.0	22.0	23.0	24.0	25.0	26.0	27.0	28.0	29.0	30.0	31.0	32.0	33.0	34.0	35.0	36.0	37.0
SRR14514210_2	3.0	34.0	176.0	1026.0	3367.0	9868.0	21715.0	43496.0	77283.0	129864.0	202211.0	308571.0	454113.0	692205.0	1184360.0	2917995.0	14960159.0	4029382.0
	22.0	23.0	24.0	25.0	26.0	27.0	28.0	29.0	30.0	31.0	32.0	33.0	34.0	35.0	36.0	37.0
SRR14514211_1	9.0	54.0	336.0	1646.0	6205.0	19366.0	47831.0	99534.0	174665.0	275932.0	410067.0	633720.0	1119794.0	3392691.0	16071507.0	717912.0
	20.0	21.0	22.0	23.0	24.0	25.0	26.0	27.0	28.0	29.0	30.0	31.0	32.0	33.0	34.0	35.0	36.0	37.0
SRR14514211_2	1.0	19.0	161.0	931.0	3106.0	9080.0	19872.0	40228.0	71277.0	119222.0	185177.0	282743.0	415709.0	635948.0	1108524.0	2780001.0	13541391.0	3757879.0
	22.0	23.0	24.0	25.0	26.0	27.0	28.0	29.0	30.0	31.0	32.0	33.0	34.0	35.0	36.0	37.0
SRR14514212_1	10.0	98.0	643.0	3088.0	11252.0	35182.0	87151.0	181633.0	321841.0	514581.0	761458.0	1158141.0	2017123.0	6088442.0	25634743.0	985257.0
	19.0	20.0	21.0	22.0	23.0	24.0	25.0	26.0	27.0	28.0	29.0	30.0	31.0	32.0	33.0	34.0	35.0	36.0	37.0
SRR14514212_2	1.0	6.0	51.0	327.0	1571.0	5288.0	15112.0	33613.0	68504.0	122049.0	207228.0	325509.0	499926.0	738651.0	1130396.0	1956400.0	4785672.0	21996008.0	5914331.0
	21.0	22.0	23.0	24.0	25.0	26.0	27.0	28.0	29.0	30.0	31.0	32.0	33.0	34.0	35.0	36.0	37.0
SRR14514213_1	1.0	4.0	34.0	255.0	1321.0	5083.0	16358.0	39835.0	84520.0	149371.0	237642.0	349810.0	537749.0	950910.0	2906208.0	12336901.0	471639.0
	20.0	21.0	22.0	23.0	24.0	25.0	26.0	27.0	28.0	29.0	30.0	31.0	32.0	33.0	34.0	35.0	36.0	37.0
SRR14514213_2	1.0	18.0	142.0	764.0	2733.0	7958.0	17701.0	36355.0	65123.0	109328.0	171905.0	262537.0	389093.0	592216.0	1019855.0	2453160.0	10407168.0	2551584.0
	22.0	23.0	24.0	25.0	26.0	27.0	28.0	29.0	30.0	31.0	32.0	33.0	34.0	35.0	36.0	37.0
SRR14514214_1	6.0	35.0	297.0	1507.0	6041.0	18712.0	46819.0	97398.0	171070.0	268522.0	393406.0	594073.0	1042962.0	3192441.0	13925933.0	561867.0
	20.0	21.0	22.0	23.0	24.0	25.0	26.0	27.0	28.0	29.0	30.0	31.0	32.0	33.0	34.0	35.0	36.0	37.0
SRR14514214_2	2.0	17.0	131.0	656.0	2268.0	6399.0	14363.0	29867.0	55558.0	95798.0	155294.0	241552.0	362363.0	556345.0	961795.0	2353276.0	11895388.0	3590017.0
	22.0	23.0	24.0	25.0	26.0	27.0	28.0	29.0	30.0	31.0	32.0	33.0	34.0	35.0	36.0	37.0
SRR14514215_1	13.0	114.0	674.0	3229.0	11866.0	36567.0	89145.0	185644.0	326024.0	520422.0	771107.0	1180506.0	2087069.0	6508903.0	28829672.0	1167910.0
	20.0	21.0	22.0	23.0	24.0	25.0	26.0	27.0	28.0	29.0	30.0	31.0	32.0	33.0	34.0	35.0	36.0	37.0
SRR14514215_2	1.0	52.0	357.0	1830.0	6188.0	17144.0	38694.0	76974.0	136853.0	228873.0	357439.0	546087.0	804917.0	1222562.0	2100090.0	5116893.0	24415138.0	6648773.0
	21.0	22.0	23.0	24.0	25.0	26.0	27.0	28.0	29.0	30.0	31.0	32.0	33.0	34.0	35.0	36.0	37.0
SRR14514216_1	2.0	7.0	66.0	411.0	1994.0	7671.0	24040.0	60308.0	126949.0	222965.0	354690.0	525260.0	802901.0	1413842.0	4406656.0	19185926.0	751995.0
	20.0	21.0	22.0	23.0	24.0	25.0	26.0	27.0	28.0	29.0	30.0	31.0	32.0	33.0	34.0	35.0	36.0	37.0
SRR14514216_2	1.0	17.0	178.0	984.0	3464.0	9806.0	22140.0	44777.0	82086.0	140059.0	223623.0	345691.0	514701.0	796029.0	1393873.0	3487866.0	16393225.0	4427163.0
	22.0	23.0	24.0	25.0	26.0	27.0	28.0	29.0	30.0	31.0	32.0	33.0	34.0	35.0	36.0	37.0
SRR14514217_1	13.0	67.0	450.0	2366.0	8687.0	27313.0	67572.0	138697.0	242469.0	383489.0	561351.0	849708.0	1482681.0	4747515.0	20683375.0	902384.0
	20.0	21.0	22.0	23.0	24.0	25.0	26.0	27.0	28.0	29.0	30.0	31.0	32.0	33.0	34.0	35.0	36.0	37.0
SRR14514217_2	1.0	30.0	217.0	1123.0	3973.0	10667.0	24106.0	48464.0	86207.0	147183.0	232205.0	360145.0	532884.0	818932.0	1424581.0	3573378.0	17595253.0	5238788.0
	22.0	23.0	24.0	25.0	26.0	27.0	28.0	29.0	30.0	31.0	32.0	33.0	34.0	35.0	36.0	37.0
SRR14514218_1	5.0	74.0	450.0	2241.0	8869.0	27493.0	68334.0	146381.0	260302.0	415463.0	615767.0	944763.0	1669870.0	5176600.0	22797016.0	879487.0
	20.0	21.0	22.0	23.0	24.0	25.0	26.0	27.0	28.0	29.0	30.0	31.0	32.0	33.0	34.0	35.0	36.0	37.0
SRR14514218_2	1.0	36.0	272.0	1469.0	4891.0	14467.0	32539.0	65693.0	118723.0	199045.0	312438.0	477650.0	704923.0	1076601.0	1888960.0	4684924.0	19254201.0	4176282.0
	22.0	23.0	24.0	25.0	26.0	27.0	28.0	29.0	30.0	31.0	32.0	33.0	34.0	35.0	36.0	37.0
SRR14514219_1	9.0	54.0	319.0	1484.0	6018.0	18410.0	45718.0	96526.0	173164.0	276546.0	412440.0	633589.0	1109993.0	3336657.0	15716030.0	678830.0
	20.0	21.0	22.0	23.0	24.0	25.0	26.0	27.0	28.0	29.0	30.0	31.0	32.0	33.0	34.0	35.0	36.0	37.0
SRR14514219_2	1.0	27.0	196.0	986.0	3269.0	9158.0	20223.0	40964.0	72311.0	121321.0	188860.0	287392.0	421214.0	640835.0	1102346.0	2697906.0	13258801.0	3639977.0
	21.0	22.0	23.0	24.0	25.0	26.0	27.0	28.0	29.0	30.0	31.0	32.0	33.0	34.0	35.0	36.0	37.0
SRR14514220_1	1.0	4.0	77.0	403.0	1831.0	6581.0	20521.0	50726.0	106384.0	189079.0	305983.0	462370.0	716509.0	1274595.0	3852345.0	15717649.0	580035.0
	20.0	21.0	22.0	23.0	24.0	25.0	26.0	27.0	28.0	29.0	30.0	31.0	32.0	33.0	34.0	35.0	36.0	37.0
SRR14514220_2	3.0	50.0	273.0	1336.0	4489.0	12786.0	28247.0	56085.0	98308.0	162218.0	250959.0	378826.0	555171.0	842911.0	1444588.0	3374917.0	13107392.0	2966534.0
	21.0	22.0	23.0	24.0	25.0	26.0	27.0	28.0	29.0	30.0	31.0	32.0	33.0	34.0	35.0	36.0	37.0
SRR14514221_1	2.0	3.0	44.0	324.0	1451.0	5350.0	17160.0	42718.0	91342.0	166535.0	276320.0	431313.0	694378.0	1261800.0	3773956.0	16009910.0	705485.0
	20.0	21.0	22.0	23.0	24.0	25.0	26.0	27.0	28.0	29.0	30.0	31.0	32.0	33.0	34.0	35.0	36.0	37.0
SRR14514221_2	2.0	38.0	235.0	1244.0	4427.0	12263.0	27384.0	55450.0	97241.0	160674.0	248299.0	375304.0	555053.0	856124.0	1488844.0	3483752.0	13148035.0	2963722.0
	21.0	22.0	23.0	24.0	25.0	26.0	27.0	28.0	29.0	30.0	31.0	32.0	33.0	34.0	35.0	36.0	37.0
SRR14514222_1	1.0	16.0	86.0	565.0	2791.0	10155.0	31773.0	80175.0	167790.0	290739.0	452241.0	659694.0	1003537.0	1735936.0	4948704.0	23134713.0	1046474.0
	20.0	21.0	22.0	23.0	24.0	25.0	26.0	27.0	28.0	29.0	30.0	31.0	32.0	33.0	34.0	35.0	36.0	37.0
SRR14514222_2	4.0	48.0	431.0	2145.0	7196.0	19630.0	42383.0	83178.0	142109.0	230397.0	349514.0	517361.0	751541.0	1134870.0	1942344.0	4602352.0	19263456.0	4476431.0
	21.0	22.0	23.0	24.0	25.0	26.0	27.0	28.0	29.0	30.0	31.0	32.0	33.0	34.0	35.0	36.0	37.0
SRR14514223_1	1.0	2.0	68.0	369.0	1891.0	7255.0	23194.0	57942.0	122338.0	216526.0	348374.0	526466.0	818227.0	1466501.0	4420664.0	18963823.0	778844.0
	20.0	21.0	22.0	23.0	24.0	25.0	26.0	27.0	28.0	29.0	30.0	31.0	32.0	33.0	34.0	35.0	36.0	37.0
SRR14514223_2	2.0	30.0	156.0	847.0	2792.0	8091.0	18170.0	37672.0	68950.0	118264.0	190886.0	300349.0	452686.0	705640.0	1251109.0	3189092.0	16660711.0	4747038.0
	21.0	22.0	23.0	24.0	25.0	26.0	27.0	28.0	29.0	30.0	31.0	32.0	33.0	34.0	35.0	36.0	37.0
SRR14514224_1	2.0	9.0	99.0	596.0	2993.0	11101.0	34778.0	86751.0	181523.0	317757.0	505540.0	745860.0	1135779.0	1989971.0	6429029.0	27354315.0	1228580.0
	20.0	21.0	22.0	23.0	24.0	25.0	26.0	27.0	28.0	29.0	30.0	31.0	32.0	33.0	34.0	35.0	36.0	37.0
SRR14514224_2	6.0	47.0	362.0	1732.0	5677.0	15749.0	34744.0	68831.0	122232.0	202687.0	317085.0	482164.0	707386.0	1080265.0	1856063.0	4534329.0	22613161.0	7982163.0
	22.0	23.0	24.0	25.0	26.0	27.0	28.0	29.0	30.0	31.0	32.0	33.0	34.0	35.0	36.0	37.0
SRR14514225_1	2.0	60.0	443.0	2072.0	7990.0	24911.0	62028.0	129633.0	228077.0	358887.0	526374.0	796438.0	1389099.0	4203631.0	18079453.0	713933.0
	20.0	21.0	22.0	23.0	24.0	25.0	26.0	27.0	28.0	29.0	30.0	31.0	32.0	33.0	34.0	35.0	36.0	37.0
SRR14514225_2	3.0	26.0	228.0	1078.0	3949.0	10966.0	24414.0	49745.0	89262.0	150570.0	237808.0	365964.0	537597.0	817963.0	1401278.0	3378922.0	15318936.0	4134322.0
	22.0	23.0	24.0	25.0	26.0	27.0	28.0	29.0	30.0	31.0	32.0	33.0	34.0	35.0	36.0	37.0
SRR14514226_1	12.0	88.0	545.0	2717.0	10297.0	32071.0	77653.0	162644.0	284210.0	448186.0	659435.0	991352.0	1727847.0	5375592.0	22484977.0	906036.0
	20.0	21.0	22.0	23.0	24.0	25.0	26.0	27.0	28.0	29.0	30.0	31.0	32.0	33.0	34.0	35.0	36.0	37.0
SRR14514226_2	5.0	41.0	285.0	1481.0	4802.0	13272.0	29302.0	59458.0	105705.0	179052.0	281434.0	427700.0	628822.0	963371.0	1660418.0	4065771.0	19011888.0	5730855.0
	22.0	23.0	24.0	25.0	26.0	27.0	28.0	29.0	30.0	31.0	32.0	33.0	34.0	35.0	36.0	37.0
SRR14514227_1	5.0	58.0	351.0	1867.0	7182.0	22237.0	56191.0	117830.0	210669.0	339331.0	508960.0	792854.0	1397082.0	4126596.0	18094657.0	746361.0
	20.0	21.0	22.0	23.0	24.0	25.0	26.0	27.0	28.0	29.0	30.0	31.0	32.0	33.0	34.0	35.0	36.0	37.0
SRR14514227_2	4.0	31.0	252.0	1330.0	4349.0	11979.0	26461.0	52777.0	92069.0	153377.0	238406.0	359823.0	530031.0	807408.0	1387781.0	3326570.0	15278300.0	4151283.0
	21.0	22.0	23.0	24.0	25.0	26.0	27.0	28.0	29.0	30.0	31.0	32.0	33.0	34.0	35.0	36.0	37.0
SRR14514228_1	2.0	7.0	69.0	429.0	2084.0	7875.0	24723.0	62917.0	133929.0	238612.0	384149.0	570881.0	877013.0	1547397.0	4754992.0	19973565.0	804401.0
	19.0	20.0	21.0	22.0	23.0	24.0	25.0	26.0	27.0	28.0	29.0	30.0	31.0	32.0	33.0	34.0	35.0	36.0	37.0
SRR14514228_2	1.0	3.0	49.0	242.0	1292.0	4323.0	11929.0	26266.0	54273.0	96389.0	163134.0	255296.0	391247.0	576113.0	881584.0	1521521.0	3701919.0	16961269.0	4736195.0
	21.0	22.0	23.0	24.0	25.0	26.0	27.0	28.0	29.0	30.0	31.0	32.0	33.0	34.0	35.0	36.0	37.0
SRR14514229_1	1.0	9.0	102.0	597.0	3173.0	11861.0	37868.0	95463.0	203352.0	363880.0	588775.0	886172.0	1375993.0	2461219.0	7738030.0	37349510.0	1692145.0
	20.0	21.0	22.0	23.0	24.0	25.0	26.0	27.0	28.0	29.0	30.0	31.0	32.0	33.0	34.0	35.0	36.0	37.0
SRR14514229_2	8.0	46.0	353.0	1837.0	6458.0	18535.0	40529.0	82584.0	147271.0	248537.0	390060.0	599182.0	890706.0	1375715.0	2413855.0	6121921.0	31635414.0	8835139.0
	22.0	23.0	24.0	25.0	26.0	27.0	28.0	29.0	30.0	31.0	32.0	33.0	34.0	35.0	36.0	37.0
SRR14514230_1	5.0	43.0	364.0	1793.0	6604.0	21075.0	53358.0	113268.0	199873.0	319295.0	474042.0	729626.0	1286477.0	3864075.0	18061382.0	766713.0
	20.0	21.0	22.0	23.0	24.0	25.0	26.0	27.0	28.0	29.0	30.0	31.0	32.0	33.0	34.0	35.0	36.0	37.0
SRR14514230_2	4.0	26.0	219.0	1072.0	3684.0	10284.0	22552.0	45425.0	80125.0	134772.0	210660.0	322642.0	474951.0	719247.0	1246498.0	3113910.0	15405121.0	4106801.0
	21.0	22.0	23.0	24.0	25.0	26.0	27.0	28.0	29.0	30.0	31.0	32.0	33.0	34.0	35.0	36.0	37.0
SRR14514231_1	1.0	8.0	91.0	518.0	2522.0	9998.0	31659.0	78668.0	165651.0	294417.0	470255.0	699512.0	1073997.0	1905185.0	6011246.0	26045616.0	1043152.0
	21.0	22.0	23.0	24.0	25.0	26.0	27.0	28.0	29.0	30.0	31.0	32.0	33.0	34.0	35.0	36.0	37.0
SRR14514231_2	35.0	286.0	1404.0	4950.0	13568.0	31098.0	63819.0	115161.0	196315.0	310646.0	478207.0	707142.0	1088646.0	1890669.0	4670648.0	21987689.0	6272213.0
	21.0	22.0	23.0	24.0	25.0	26.0	27.0	28.0	29.0	30.0	31.0	32.0	33.0	34.0	35.0	36.0	37.0
SRR14514232_1	1.0	6.0	77.0	507.0	2555.0	9390.0	28574.0	69847.0	145868.0	255520.0	405111.0	591357.0	901870.0	1569573.0	4773628.0	21118483.0	893754.0
	20.0	21.0	22.0	23.0	24.0	25.0	26.0	27.0	28.0	29.0	30.0	31.0	32.0	33.0	34.0	35.0	36.0	37.0
SRR14514232_2	5.0	39.0	283.0	1441.0	5130.0	13990.0	30945.0	61121.0	108134.0	180833.0	282692.0	427305.0	627556.0	955544.0	1651913.0	4023377.0	17639973.0	4755840.0
	22.0	23.0	24.0	25.0	26.0	27.0	28.0	29.0	30.0	31.0	32.0	33.0	34.0	35.0	36.0	37.0
SRR14514233_1	7.0	76.0	485.0	2314.0	8724.0	27283.0	67562.0	142290.0	251629.0	405412.0	606761.0	932682.0	1637681.0	5128396.0	22517635.0	931524.0
	20.0	21.0	22.0	23.0	24.0	25.0	26.0	27.0	28.0	29.0	30.0	31.0	32.0	33.0	34.0	35.0	36.0	37.0
SRR14514233_2	5.0	31.0	260.0	1279.0	4459.0	12551.0	28219.0	57369.0	101930.0	173026.0	272421.0	418930.0	617731.0	942115.0	1618336.0	3961230.0	19057963.0	5392606.0
	22.0	23.0	24.0	25.0	26.0	27.0	28.0	29.0	30.0	31.0	32.0	33.0	34.0	35.0	36.0	37.0
SRR14514234_1	7.0	86.0	484.0	2539.0	9447.0	29912.0	73934.0	155283.0	276023.0	443397.0	663999.0	1025676.0	1816430.0	5580561.0	26938717.0	1129782.0
	20.0	21.0	22.0	23.0	24.0	25.0	26.0	27.0	28.0	29.0	30.0	31.0	32.0	33.0	34.0	35.0	36.0	37.0
SRR14514234_2	3.0	37.0	258.0	1343.0	4695.0	13534.0	29919.0	61042.0	109481.0	184626.0	290847.0	449566.0	664999.0	1022922.0	1805727.0	4630880.0	23075426.0	5800972.0
	22.0	23.0	24.0	25.0	26.0	27.0	28.0	29.0	30.0	31.0	32.0	33.0	34.0	35.0	36.0	37.0
SRR14514235_1	6.0	62.0	369.0	1875.0	7042.0	21402.0	51451.0	104679.0	179294.0	278104.0	403025.0	604967.0	1052101.0	3246436.0	14452775.0	584188.0
	20.0	21.0	22.0	23.0	24.0	25.0	26.0	27.0	28.0	29.0	30.0	31.0	32.0	33.0	34.0	35.0	36.0	37.0
SRR14514235_2	1.0	24.0	151.0	830.0	2711.0	7606.0	16288.0	33525.0	59601.0	101935.0	161174.0	249046.0	369727.0	559598.0	974283.0	2438293.0	12335908.0	3677075.0
	20.0	21.0	22.0	23.0	24.0	25.0	26.0	27.0	28.0	29.0	30.0	31.0	32.0	33.0	34.0	35.0	36.0	37.0
SRR14514236_1	1.0	0.0	7.0	62.0	396.0	2180.0	7957.0	24832.0	61773.0	129813.0	229534.0	368252.0	548494.0	838425.0	1469327.0	4566660.0	19612785.0	760525.0
	19.0	20.0	21.0	22.0	23.0	24.0	25.0	26.0	27.0	28.0	29.0	30.0	31.0	32.0	33.0	34.0	35.0	36.0	37.0
SRR14514236_2	1.0	1.0	35.0	218.0	1241.0	4086.0	11506.0	26080.0	52462.0	93159.0	157001.0	248660.0	379796.0	559096.0	851460.0	1459956.0	3561579.0	16791164.0	4423522.0
	21.0	22.0	23.0	24.0	25.0	26.0	27.0	28.0	29.0	30.0	31.0	32.0	33.0	34.0	35.0	36.0	37.0
SRR14514237_1	1.0	10.0	53.0	381.0	1764.0	6848.0	21929.0	54975.0	117288.0	203928.0	322875.0	478983.0	742234.0	1305266.0	3904410.0	17869258.0	834690.0
	20.0	21.0	22.0	23.0	24.0	25.0	26.0	27.0	28.0	29.0	30.0	31.0	32.0	33.0	34.0	35.0	36.0	37.0
SRR14514237_2	1.0	28.0	219.0	995.0	3473.0	9618.0	21176.0	43305.0	77121.0	130907.0	206676.0	316765.0	467686.0	716550.0	1226561.0	2948764.0	14987952.0	4707096.0
	21.0	22.0	23.0	24.0	25.0	26.0	27.0	28.0	29.0	30.0	31.0	32.0	33.0	34.0	35.0	36.0	37.0
SRR14514238_1	1.0	9.0	97.0	471.0	2391.0	8723.0	26299.0	64753.0	134735.0	240672.0	389179.0	590824.0	924113.0	1636958.0	4732662.0	20267764.0	859522.0
	20.0	21.0	22.0	23.0	24.0	25.0	26.0	27.0	28.0	29.0	30.0	31.0	32.0	33.0	34.0	35.0	36.0	37.0
SRR14514238_2	4.0	41.0	393.0	1935.0	6320.0	17840.0	38733.0	75226.0	129640.0	211854.0	322849.0	482120.0	700048.0	1062546.0	1808996.0	4183305.0	16693955.0	4143368.0
	22.0	23.0	24.0	25.0	26.0	27.0	28.0	29.0	30.0	31.0	32.0	33.0	34.0	35.0	36.0	37.0
SRR14514239_1	6.0	100.0	562.0	2608.0	9845.0	30784.0	75513.0	157866.0	277750.0	442547.0	656304.0	1008927.0	1777794.0	5427139.0	26911095.0	1189530.0
	19.0	20.0	21.0	22.0	23.0	24.0	25.0	26.0	27.0	28.0	29.0	30.0	31.0	32.0	33.0	34.0	35.0	36.0	37.0
SRR14514239_2	1.0	3.0	41.0	275.0	1467.0	5433.0	14569.0	33018.0	65525.0	115567.0	190442.0	296844.0	452904.0	665986.0	1013311.0	1751547.0	4396373.0	22818578.0	6146486.0
	22.0	23.0	24.0	25.0	26.0	27.0	28.0	29.0	30.0	31.0	32.0	33.0	34.0	35.0	36.0	37.0
SRR14514240_1	4.0	33.0	256.0	1296.0	5132.0	16509.0	41879.0	88252.0	157436.0	251343.0	375059.0	571357.0	1004177.0	3163709.0	13763693.0	552774.0
	19.0	20.0	21.0	22.0	23.0	24.0	25.0	26.0	27.0	28.0	29.0	30.0	31.0	32.0	33.0	34.0	35.0	36.0	37.0
SRR14514240_2	1.0	1.0	20.0	140.0	728.0	2544.0	7400.0	16195.0	33404.0	61050.0	105300.0	167859.0	260795.0	387809.0	592558.0	1027632.0	2546680.0	11751879.0	3030914.0
	21.0	22.0	23.0	24.0	25.0	26.0	27.0	28.0	29.0	30.0	31.0	32.0	33.0	34.0	35.0	36.0	37.0
SRR14514241_1	1.0	6.0	54.0	301.0	1843.0	6390.0	20233.0	50016.0	105194.0	183807.0	292088.0	434285.0	667733.0	1175767.0	3610595.0	16615774.0	700973.0
	20.0	21.0	22.0	23.0	24.0	25.0	26.0	27.0	28.0	29.0	30.0	31.0	32.0	33.0	34.0	35.0	36.0	37.0
SRR14514241_2	3.0	25.0	170.0	928.0	2996.0	8491.0	18867.0	37630.0	67088.0	112496.0	176718.0	270946.0	400953.0	612520.0	1066222.0	2676858.0	14125382.0	4286767.0
	21.0	22.0	23.0	24.0	25.0	26.0	27.0	28.0	29.0	30.0	31.0	32.0	33.0	34.0	35.0	36.0	37.0
SRR14514242_1	1.0	7.0	34.0	373.0	1897.0	7481.0	23453.0	59615.0	127906.0	230372.0	374574.0	567570.0	878271.0	1552095.0	4666780.0	22194839.0	973488.0
	19.0	20.0	21.0	22.0	23.0	24.0	25.0	26.0	27.0	28.0	29.0	30.0	31.0	32.0	33.0	34.0	35.0	36.0	37.0
SRR14514242_2	1.0	2.0	35.0	231.0	1209.0	4098.0	11481.0	26422.0	53772.0	95167.0	161229.0	254398.0	390124.0	574842.0	879738.0	1522417.0	3763450.0	18815743.0	5104397.0
	21.0	22.0	23.0	24.0	25.0	26.0	27.0	28.0	29.0	30.0	31.0	32.0	33.0	34.0	35.0	36.0	37.0
SRR14514243_1	1.0	2.0	46.0	356.0	1827.0	7186.0	22434.0	55805.0	118447.0	210312.0	336938.0	501913.0	768446.0	1345092.0	4163269.0	19419614.0	773992.0
	20.0	21.0	22.0	23.0	24.0	25.0	26.0	27.0	28.0	29.0	30.0	31.0	32.0	33.0	34.0	35.0	36.0	37.0
SRR14514243_2	3.0	26.0	206.0	1093.0	3574.0	10534.0	23316.0	48185.0	85902.0	145482.0	228308.0	350666.0	518738.0	791539.0	1370743.0	3400764.0	16392652.0	4353949.0
	21.0	22.0	23.0	24.0	25.0	26.0	27.0	28.0	29.0	30.0	31.0	32.0	33.0	34.0	35.0	36.0	37.0
SRR14514244_1	1.0	7.0	55.0	323.0	1610.0	6213.0	19034.0	45839.0	95034.0	167235.0	265343.0	395361.0	604313.0	1072735.0	3343392.0	14623751.0	574070.0
	20.0	21.0	22.0	23.0	24.0	25.0	26.0	27.0	28.0	29.0	30.0	31.0	32.0	33.0	34.0	35.0	36.0	37.0
SRR14514244_2	3.0	13.0	185.0	837.0	2868.0	8235.0	18959.0	39304.0	70462.0	117898.0	187443.0	286886.0	423719.0	652539.0	1137345.0	2827936.0	12414941.0	3024743.0
	22.0	23.0	24.0	25.0	26.0	27.0	28.0	29.0	30.0	31.0	32.0	33.0	34.0	35.0	36.0	37.0
SRR14514245_1	7.0	42.0	310.0	1652.0	6302.0	19891.0	49850.0	105288.0	185546.0	292641.0	432015.0	665999.0	1165009.0	3319609.0	14372264.0	614820.0
	20.0	21.0	22.0	23.0	24.0	25.0	26.0	27.0	28.0	29.0	30.0	31.0	32.0	33.0	34.0	35.0	36.0	37.0
SRR14514245_2	1.0	21.0	146.0	708.0	2536.0	7128.0	15717.0	32026.0	57799.0	98159.0	155747.0	243395.0	364916.0	563040.0	991131.0	2474563.0	12641171.0	3583041.0
	22.0	23.0	24.0	25.0	26.0	27.0	28.0	29.0	30.0	31.0	32.0	33.0	34.0	35.0	36.0	37.0
SRR14514246_1	4.0	46.0	330.0	1537.0	6016.0	19020.0	48271.0	102205.0	182090.0	290546.0	437504.0	678087.0	1206474.0	3705053.0	17777941.0	757341.0
	20.0	21.0	22.0	23.0	24.0	25.0	26.0	27.0	28.0	29.0	30.0	31.0	32.0	33.0	34.0	35.0	36.0	37.0
SRR14514246_2	1.0	27.0	156.0	830.0	2963.0	8478.0	19203.0	39309.0	70440.0	118761.0	189005.0	289288.0	430902.0	661765.0	1159882.0	2951111.0	15191528.0	4078816.0
	21.0	22.0	23.0	24.0	25.0	26.0	27.0	28.0	29.0	30.0	31.0	32.0	33.0	34.0	35.0	36.0	37.0
SRR14514247_1	2.0	1.0	50.0	203.0	1086.0	4013.0	12750.0	31787.0	65811.0	117565.0	189438.0	283529.0	432986.0	762126.0	2296867.0	9731458.0	376494.0
	20.0	21.0	22.0	23.0	24.0	25.0	26.0	27.0	28.0	29.0	30.0	31.0	32.0	33.0	34.0	35.0	36.0	37.0
SRR14514247_2	1.0	21.0	127.0	664.0	2325.0	6417.0	14524.0	29336.0	52142.0	87138.0	136961.0	207785.0	304490.0	461375.0	789404.0	1877611.0	8257267.0	2078578.0
	22.0	23.0	24.0	25.0	26.0	27.0	28.0	29.0	30.0	31.0	32.0	33.0	34.0	35.0	36.0	37.0
SRR14514248_1	6.0	80.0	515.0	2491.0	9609.0	30120.0	75527.0	156738.0	275367.0	439181.0	647927.0	984738.0	1715580.0	5213579.0	21558465.0	866647.0
	20.0	21.0	22.0	23.0	24.0	25.0	26.0	27.0	28.0	29.0	30.0	31.0	32.0	33.0	34.0	35.0	36.0	37.0
SRR14514248_2	6.0	29.0	243.0	1375.0	4431.0	12482.0	27966.0	56516.0	101054.0	171011.0	268280.0	411863.0	609489.0	933543.0	1617146.0	3953496.0	18431816.0	5375824.0
	22.0	23.0	24.0	25.0	26.0	27.0	28.0	29.0	30.0	31.0	32.0	33.0	34.0	35.0	36.0	37.0
SRR14514249_1	9.0	79.0	594.0	2798.0	10470.0	33116.0	81232.0	170768.0	302865.0	484982.0	727532.0	1130204.0	2009346.0	6074773.0	27741472.0	1290932.0
	20.0	21.0	22.0	23.0	24.0	25.0	26.0	27.0	28.0	29.0	30.0	31.0	32.0	33.0	34.0	35.0	36.0	37.0
SRR14514249_2	3.0	60.0	379.0	1972.0	6569.0	18621.0	40634.0	80684.0	140752.0	232551.0	359995.0	544553.0	800355.0	1228637.0	2132997.0	5155147.0	22952287.0	6364976.0
	21.0	22.0	23.0	24.0	25.0	26.0	27.0	28.0	29.0	30.0	31.0	32.0	33.0	34.0	35.0	36.0	37.0
SRR14514250_1	1.0	9.0	81.0	385.0	2042.0	7783.0	24146.0	59330.0	122699.0	216571.0	346551.0	516132.0	788553.0	1393588.0	4407167.0	18238441.0	766102.0
	19.0	20.0	21.0	22.0	23.0	24.0	25.0	26.0	27.0	28.0	29.0	30.0	31.0	32.0	33.0	34.0	35.0	36.0	37.0
SRR14514250_2	1.0	1.0	27.0	270.0	1190.0	4033.0	11473.0	25294.0	50942.0	90836.0	151897.0	238662.0	365641.0	538433.0	823771.0	1433455.0	3541038.0	15370025.0	4242592.0
	22.0	23.0	24.0	25.0	26.0	27.0	28.0	29.0	30.0	31.0	32.0	33.0	34.0	35.0	36.0	37.0
SRR14514251_1	6.0	61.0	369.0	1861.0	6991.0	22357.0	56026.0	117886.0	208736.0	331476.0	490684.0	744028.0	1291926.0	3944275.0	18289436.0	749947.0
	21.0	22.0	23.0	24.0	25.0	26.0	27.0	28.0	29.0	30.0	31.0	32.0	33.0	34.0	35.0	36.0	37.0
SRR14514251_2	30.0	202.0	1097.0	3627.0	9764.0	21457.0	43107.0	75763.0	127954.0	200642.0	310115.0	458010.0	698568.0	1198758.0	2945789.0	15645495.0	4515687.0
	21.0	22.0	23.0	24.0	25.0	26.0	27.0	28.0	29.0	30.0	31.0	32.0	33.0	34.0	35.0	36.0	37.0
SRR14514252_1	2.0	10.0	53.0	327.0	1578.0	6067.0	18820.0	46332.0	96983.0	173612.0	280493.0	423835.0	667152.0	1199190.0	3581364.0	14097757.0	534541.0
	20.0	21.0	22.0	23.0	24.0	25.0	26.0	27.0	28.0	29.0	30.0	31.0	32.0	33.0	34.0	35.0	36.0	37.0
SRR14514252_2	2.0	28.0	220.0	1113.0	4117.0	11759.0	26328.0	52979.0	93474.0	153005.0	234549.0	353518.0	516956.0	787943.0	1361682.0	3181909.0	11735545.0	2612989.0
	22.0	23.0	24.0	25.0	26.0	27.0	28.0	29.0	30.0	31.0	32.0	33.0	34.0	35.0	36.0	37.0
SRR14514253_1	9.0	73.0	444.0	2251.0	8274.0	25102.0	61229.0	128367.0	227996.0	373749.0	574630.0	903968.0	1589021.0	4556851.0	20587815.0	898901.0
	20.0	21.0	22.0	23.0	24.0	25.0	26.0	27.0	28.0	29.0	30.0	31.0	32.0	33.0	34.0	35.0	36.0	37.0
SRR14514253_2	3.0	47.0	360.0	1887.0	6287.0	17649.0	38052.0	74533.0	128076.0	208975.0	318389.0	472939.0	686289.0	1030956.0	1733626.0	3959104.0	16938638.0	4322870.0
	22.0	23.0	24.0	25.0	26.0	27.0	28.0	29.0	30.0	31.0	32.0	33.0	34.0	35.0	36.0	37.0
SRR14514254_1	4.0	65.0	377.0	1895.0	7041.0	22463.0	56396.0	119696.0	211856.0	335979.0	500962.0	771841.0	1355203.0	4121385.0	20659837.0	938206.0
	20.0	21.0	22.0	23.0	24.0	25.0	26.0	27.0	28.0	29.0	30.0	31.0	32.0	33.0	34.0	35.0	36.0	37.0
SRR14514254_2	3.0	21.0	235.0	1201.0	4147.0	11403.0	25468.0	51051.0	89302.0	149119.0	229324.0	348719.0	512455.0	780072.0	1346994.0	3332857.0	17283942.0	4936893.0
	22.0	23.0	24.0	25.0	26.0	27.0	28.0	29.0	30.0	31.0	32.0	33.0	34.0	35.0	36.0	37.0
SRR14514255_1	4.0	58.0	371.0	1721.0	6208.0	19524.0	48353.0	101697.0	182529.0	299608.0	458365.0	724138.0	1295560.0	3843912.0	17367063.0	724075.0
	19.0	20.0	21.0	22.0	23.0	24.0	25.0	26.0	27.0	28.0	29.0	30.0	31.0	32.0	33.0	34.0	35.0	36.0	37.0
SRR14514255_2	1.0	3.0	34.0	313.0	1485.0	5099.0	14088.0	30502.0	59950.0	103112.0	168759.0	256601.0	386167.0	564627.0	859586.0	1491902.0	3600523.0	14487536.0	3042898.0
	21.0	22.0	23.0	24.0	25.0	26.0	27.0	28.0	29.0	30.0	31.0	32.0	33.0	34.0	35.0	36.0	37.0
SRR14514256_1	1.0	9.0	113.0	677.0	3178.0	12071.0	36857.0	88910.0	184547.0	320251.0	501986.0	733416.0	1105740.0	1942043.0	6044873.0	25725098.0	993084.0
	20.0	21.0	22.0	23.0	24.0	25.0	26.0	27.0	28.0	29.0	30.0	31.0	32.0	33.0	34.0	35.0	36.0	37.0
SRR14514256_2	4.0	33.0	297.0	1525.0	4950.0	14546.0	32429.0	65601.0	117055.0	196646.0	309000.0	475088.0	704504.0	1082157.0	1892225.0	4721745.0	21935950.0	6139099.0
	22.0	23.0	24.0	25.0	26.0	27.0	28.0	29.0	30.0	31.0	32.0	33.0	34.0	35.0	36.0	37.0
SRR14514257_1	4.0	50.0	296.0	1513.0	6136.0	20130.0	51315.0	109222.0	194550.0	309139.0	457045.0	696572.0	1218043.0	3717850.0	16328747.0	644865.0
	20.0	21.0	22.0	23.0	24.0	25.0	26.0	27.0	28.0	29.0	30.0	31.0	32.0	33.0	34.0	35.0	36.0	37.0
SRR14514257_2	2.0	17.0	152.0	786.0	2721.0	7488.0	17266.0	35715.0	65089.0	112953.0	180246.0	282715.0	422499.0	648544.0	1121921.0	2761095.0	14050942.0	4045326.0
	21.0	22.0	23.0	24.0	25.0	26.0	27.0	28.0	29.0	30.0	31.0	32.0	33.0	34.0	35.0	36.0	37.0
SRR14514258_1	2.0	15.0	96.0	512.0	2763.0	10498.0	32875.0	81664.0	171727.0	302281.0	480122.0	711317.0	1088874.0	1919318.0	5865106.0	28115048.0	1169793.0
	21.0	22.0	23.0	24.0	25.0	26.0	27.0	28.0	29.0	30.0	31.0	32.0	33.0	34.0	35.0	36.0	37.0
SRR14514258_2	29.0	242.0	1287.0	4422.0	12669.0	28516.0	57871.0	104085.0	177758.0	281434.0	435827.0	647462.0	995926.0	1741569.0	4458957.0	24061026.0	6942931.0
	22.0	23.0	24.0	25.0	26.0	27.0	28.0	29.0	30.0	31.0	32.0	33.0	34.0	35.0	36.0	37.0
SRR14514259_1	11.0	63.0	469.0	2292.0	8734.0	28824.0	73528.0	158580.0	285399.0	459212.0	689357.0	1068412.0	1891806.0	5847480.0	28766645.0	1297627.0
	20.0	21.0	22.0	23.0	24.0	25.0	26.0	27.0	28.0	29.0	30.0	31.0	32.0	33.0	34.0	35.0	36.0	37.0
SRR14514259_2	2.0	27.0	304.0	1396.0	4834.0	13536.0	30516.0	62398.0	112348.0	190185.0	299200.0	461851.0	686599.0	1050998.0	1830182.0	4602250.0	24181286.0	7050527.0
	21.0	22.0	23.0	24.0	25.0	26.0	27.0	28.0	29.0	30.0	31.0	32.0	33.0	34.0	35.0	36.0	37.0
SRR14514260_1	1.0	6.0	67.0	388.0	2030.0	7436.0	23454.0	58122.0	122323.0	214798.0	344808.0	513808.0	790455.0	1393654.0	4214770.0	19275964.0	808175.0
	20.0	21.0	22.0	23.0	24.0	25.0	26.0	27.0	28.0	29.0	30.0	31.0	32.0	33.0	34.0	35.0	36.0	37.0
SRR14514260_2	1.0	34.0	239.0	1149.0	3943.0	11130.0	24490.0	49268.0	87298.0	145153.0	225697.0	344386.0	508949.0	778535.0	1356597.0	3384844.0	16384224.0	4464322.0
	21.0	22.0	23.0	24.0	25.0	26.0	27.0	28.0	29.0	30.0	31.0	32.0	33.0	34.0	35.0	36.0	37.0
SRR14514261_1	1.0	2.0	88.0	525.0	2755.0	9968.0	31120.0	76554.0	158911.0	276668.0	429404.0	618830.0	923261.0	1583230.0	4739071.0	21546018.0	920249.0
	20.0	21.0	22.0	23.0	24.0	25.0	26.0	27.0	28.0	29.0	30.0	31.0	32.0	33.0	34.0	35.0	36.0	37.0
SRR14514261_2	1.0	36.0	283.0	1436.0	4823.0	13453.0	29466.0	58915.0	104662.0	173420.0	270801.0	412976.0	607618.0	916486.0	1581364.0	3875786.0	18165700.0	5099429.0
	22.0	23.0	24.0	25.0	26.0	27.0	28.0	29.0	30.0	31.0	32.0	33.0	34.0	35.0	36.0	37.0
SRR14514262_1	3.0	42.0	284.0	1418.0	5471.0	17165.0	44233.0	93991.0	165652.0	260822.0	385196.0	589400.0	1034846.0	3077963.0	14605043.0	663511.0
	21.0	22.0	23.0	24.0	25.0	26.0	27.0	28.0	29.0	30.0	31.0	32.0	33.0	34.0	35.0	36.0	37.0
SRR14514262_2	20.0	162.0	736.0	2548.0	7284.0	16393.0	33194.0	59985.0	101337.0	160047.0	245913.0	363229.0	555112.0	956139.0	2345018.0	12372542.0	3725381.0
	21.0	22.0	23.0	24.0	25.0	26.0	27.0	28.0	29.0	30.0	31.0	32.0	33.0	34.0	35.0	36.0	37.0
SRR14514263_1	1.0	3.0	65.0	457.0	2158.0	8048.0	25925.0	64263.0	136498.0	241771.0	387488.0	574021.0	878499.0	1548623.0	4671511.0	23485379.0	1050674.0
	19.0	20.0	21.0	22.0	23.0	24.0	25.0	26.0	27.0	28.0	29.0	30.0	31.0	32.0	33.0	34.0	35.0	36.0	37.0
SRR14514263_2	1.0	4.0	31.0	235.0	1246.0	4206.0	11799.0	26237.0	53276.0	95018.0	159942.0	252740.0	389375.0	575276.0	877279.0	1524976.0	3854407.0	20039436.0	5209900.0
	22.0	23.0	24.0	25.0	26.0	27.0	28.0	29.0	30.0	31.0	32.0	33.0	34.0	35.0	36.0	37.0
SRR14514264_1	4.0	62.0	385.0	1942.0	7296.0	23405.0	57385.0	119280.0	213364.0	349614.0	533207.0	836182.0	1476318.0	4200486.0	15302125.0	545380.0
	20.0	21.0	22.0	23.0	24.0	25.0	26.0	27.0	28.0	29.0	30.0	31.0	32.0	33.0	34.0	35.0	36.0	37.0
SRR14514264_2	1.0	35.0	203.0	1026.0	3425.0	9823.0	22147.0	45633.0	82052.0	139587.0	221301.0	340007.0	507642.0	781865.0	1355600.0	3212380.0	13645580.0	3298128.0
	21.0	22.0	23.0	24.0	25.0	26.0	27.0	28.0	29.0	30.0	31.0	32.0	33.0	34.0	35.0	36.0	37.0
SRR14514265_1	1.0	6.0	48.0	370.0	1991.0	7595.0	23999.0	60448.0	129182.0	231466.0	375324.0	564458.0	870489.0	1549811.0	4860471.0	21216266.0	860899.0
	20.0	21.0	22.0	23.0	24.0	25.0	26.0	27.0	28.0	29.0	30.0	31.0	32.0	33.0	34.0	35.0	36.0	37.0
SRR14514265_2	3.0	21.0	249.0	1294.0	4347.0	12923.0	28506.0	58651.0	105615.0	176697.0	277073.0	423842.0	624182.0	957657.0	1656396.0	3991487.0	17644957.0	4788924.0
	21.0	22.0	23.0	24.0	25.0	26.0	27.0	28.0	29.0	30.0	31.0	32.0	33.0	34.0	35.0	36.0	37.0
SRR14514266_1	1.0	8.0	54.0	385.0	1912.0	7329.0	23648.0	60447.0	128201.0	227626.0	360289.0	528652.0	803537.0	1404710.0	4343445.0	18640895.0	732115.0
	20.0	21.0	22.0	23.0	24.0	25.0	26.0	27.0	28.0	29.0	30.0	31.0	32.0	33.0	34.0	35.0	36.0	37.0
SRR14514266_2	1.0	38.0	203.0	1000.0	3553.0	10238.0	22925.0	46350.0	83730.0	142321.0	224595.0	346543.0	513254.0	786706.0	1364961.0	3374434.0	15958176.0	4384226.0
	22.0	23.0	24.0	25.0	26.0	27.0	28.0	29.0	30.0	31.0	32.0	33.0	34.0	35.0	36.0	37.0
SRR14514267_1	5.0	63.0	408.0	2045.0	7698.0	23853.0	58778.0	124333.0	221196.0	348210.0	515006.0	781010.0	1350528.0	4154376.0	19337070.0	792918.0
	20.0	21.0	22.0	23.0	24.0	25.0	26.0	27.0	28.0	29.0	30.0	31.0	32.0	33.0	34.0	35.0	36.0	37.0
SRR14514267_2	5.0	24.0	240.0	1223.0	4073.0	11305.0	25201.0	50253.0	88365.0	148416.0	231672.0	351787.0	516686.0	782322.0	1335764.0	3276647.0	16347939.0	4545575.0
	22.0	23.0	24.0	25.0	26.0	27.0	28.0	29.0	30.0	31.0	32.0	33.0	34.0	35.0	36.0	37.0
SRR14514268_1	9.0	48.0	372.0	1724.0	6816.0	21245.0	52868.0	111842.0	199282.0	320643.0	481958.0	751428.0	1347966.0	4185572.0	19701378.0	838714.0
	21.0	22.0	23.0	24.0	25.0	26.0	27.0	28.0	29.0	30.0	31.0	32.0	33.0	34.0	35.0	36.0	37.0
SRR14514268_2	42.0	232.0	1304.0	4455.0	12298.0	27521.0	56025.0	97830.0	162454.0	251531.0	382605.0	561035.0	862139.0	1526751.0	3847984.0	16405120.0	3822539.0
	22.0	23.0	24.0	25.0	26.0	27.0	28.0	29.0	30.0	31.0	32.0	33.0	34.0	35.0	36.0	37.0
SRR14514269_1	1.0	31.0	181.0	965.0	3522.0	11053.0	27610.0	58236.0	103373.0	169029.0	257915.0	405916.0	716604.0	2001635.0	7730799.0	329868.0
	19.0	20.0	21.0	22.0	23.0	24.0	25.0	26.0	27.0	28.0	29.0	30.0	31.0	32.0	33.0	34.0	35.0	36.0	37.0
SRR14514269_2	1.0	0.0	13.0	112.0	489.0	1589.0	4586.0	10334.0	20962.0	37888.0	63943.0	100876.0	155996.0	235364.0	369306.0	652010.0	1576114.0	6844673.0	1742482.0
	22.0	23.0	24.0	25.0	26.0	27.0	28.0	29.0	30.0	31.0	32.0	33.0	34.0	35.0	36.0	37.0
SRR14514270_1	12.0	76.0	560.0	2785.0	10254.0	31537.0	77275.0	160741.0	285091.0	456690.0	680447.0	1038176.0	1825765.0	5595792.0	23938133.0	928654.0
	20.0	21.0	22.0	23.0	24.0	25.0	26.0	27.0	28.0	29.0	30.0	31.0	32.0	33.0	34.0	35.0	36.0	37.0
SRR14514270_2	2.0	44.0	290.0	1564.0	5272.0	15312.0	33644.0	67275.0	119517.0	199084.0	309819.0	472570.0	696164.0	1068762.0	1870005.0	4605059.0	20327529.0	5240076.0
	21.0	22.0	23.0	24.0	25.0	26.0	27.0	28.0	29.0	30.0	31.0	32.0	33.0	34.0	35.0	36.0	37.0
SRR14514271_1	1.0	10.0	51.0	330.0	1637.0	6049.0	18605.0	46419.0	96963.0	169981.0	271815.0	406162.0	628503.0	1106471.0	3276023.0	14114494.0	555966.0
	19.0	20.0	21.0	22.0	23.0	24.0	25.0	26.0	27.0	28.0	29.0	30.0	31.0	32.0	33.0	34.0	35.0	36.0	37.0
SRR14514271_2	1.0	4.0	39.0	251.0	1275.0	4189.0	11528.0	25050.0	50044.0	87358.0	143275.0	220258.0	331549.0	483384.0	730430.0	1256897.0	2963491.0	11763517.0	2626940.0
	21.0	22.0	23.0	24.0	25.0	26.0	27.0	28.0	29.0	30.0	31.0	32.0	33.0	34.0	35.0	36.0	37.0
SRR14514272_1	1.0	5.0	73.0	427.0	2106.0	7868.0	24701.0	60429.0	125772.0	224331.0	363645.0	549819.0	854082.0	1494676.0	4359488.0	20308221.0	934513.0
	20.0	21.0	22.0	23.0	24.0	25.0	26.0	27.0	28.0	29.0	30.0	31.0	32.0	33.0	34.0	35.0	36.0	37.0
SRR14514272_2	1.0	59.0	323.0	1678.0	5538.0	15082.0	32685.0	64341.0	111910.0	182972.0	278407.0	416483.0	604181.0	915877.0	1557920.0	3663150.0	16713229.0	4746321.0
	21.0	22.0	23.0	24.0	25.0	26.0	27.0	28.0	29.0	30.0	31.0	32.0	33.0	34.0	35.0	36.0	37.0
SRR14514273_1	1.0	7.0	63.0	456.0	2374.0	8681.0	26207.0	61854.0	125369.0	213469.0	334440.0	486693.0	738939.0	1307444.0	4497776.0	17645589.0	928368.0
	20.0	21.0	22.0	23.0	24.0	25.0	26.0	27.0	28.0	29.0	30.0	31.0	32.0	33.0	34.0	35.0	36.0	37.0
SRR14514273_2	3.0	35.0	205.0	1040.0	3536.0	9507.0	20518.0	41196.0	72802.0	120734.0	188648.0	287418.0	424693.0	656400.0	1148154.0	2898619.0	14472897.0	6031325.0
	21.0	22.0	23.0	24.0	25.0	26.0	27.0	28.0	29.0	30.0	31.0	32.0	33.0	34.0	35.0	36.0	37.0
SRR14514274_1	1.0	8.0	62.0	429.0	2102.0	7318.0	22308.0	55014.0	115338.0	205617.0	331703.0	498402.0	775083.0	1363467.0	4031641.0	18698257.0	865425.0
	20.0	21.0	22.0	23.0	24.0	25.0	26.0	27.0	28.0	29.0	30.0	31.0	32.0	33.0	34.0	35.0	36.0	37.0
SRR14514274_2	3.0	40.0	323.0	1587.0	5170.0	13946.0	30307.0	59734.0	102573.0	167533.0	258622.0	386220.0	565224.0	857651.0	1477418.0	3565362.0	15430257.0	4050205.0
	22.0	23.0	24.0	25.0	26.0	27.0	28.0	29.0	30.0	31.0	32.0	33.0	34.0	35.0	36.0	37.0
SRR14514275_1	5.0	38.0	216.0	888.0	3580.0	11667.0	28827.0	59874.0	105037.0	164926.0	238443.0	360557.0	629503.0	1900675.0	8527721.0	350340.0
	21.0	22.0	23.0	24.0	25.0	26.0	27.0	28.0	29.0	30.0	31.0	32.0	33.0	34.0	35.0	36.0	37.0
SRR14514275_2	16.0	96.0	556.0	1895.0	5327.0	11475.0	23414.0	41733.0	70565.0	111528.0	171261.0	252025.0	383029.0	662907.0	1635825.0	7282293.0	1728352.0
	22.0	23.0	24.0	25.0	26.0	27.0	28.0	29.0	30.0	31.0	32.0	33.0	34.0	35.0	36.0	37.0
SRR14514276_1	3.0	64.0	370.0	1799.0	6854.0	21647.0	52437.0	108241.0	187564.0	293925.0	430775.0	650762.0	1131849.0	3564647.0	14535575.0	636128.0
	21.0	22.0	23.0	24.0	25.0	26.0	27.0	28.0	29.0	30.0	31.0	32.0	33.0	34.0	35.0	36.0	37.0
SRR14514276_2	15.0	123.0	646.0	2124.0	5836.0	12863.0	26815.0	48906.0	85466.0	138516.0	218087.0	331778.0	523327.0	930376.0	2369222.0	12563438.0	4365102.0
	22.0	23.0	24.0	25.0	26.0	27.0	28.0	29.0	30.0	31.0	32.0	33.0	34.0	35.0	36.0	37.0
SRR14514277_1	2.0	63.0	301.0	1693.0	6210.0	19571.0	48405.0	102977.0	182107.0	292895.0	442120.0	687223.0	1224677.0	3728162.0	17409828.0	760225.0
	20.0	21.0	22.0	23.0	24.0	25.0	26.0	27.0	28.0	29.0	30.0	31.0	32.0	33.0	34.0	35.0	36.0	37.0
SRR14514277_2	2.0	32.0	203.0	1108.0	3839.0	11131.0	24083.0	48583.0	86258.0	142704.0	221566.0	337371.0	494554.0	754604.0	1310087.0	3227119.0	14586445.0	3656770.0
	22.0	23.0	24.0	25.0	26.0	27.0	28.0	29.0	30.0	31.0	32.0	33.0	34.0	35.0	36.0	37.0
SRR14514278_1	6.0	57.0	391.0	2034.0	7683.0	24436.0	59679.0	123909.0	212622.0	330102.0	481544.0	727428.0	1256288.0	3856411.0	19210103.0	909841.0
	20.0	21.0	22.0	23.0	24.0	25.0	26.0	27.0	28.0	29.0	30.0	31.0	32.0	33.0	34.0	35.0	36.0	37.0
SRR14514278_2	1.0	24.0	166.0	820.0	2860.0	7975.0	17276.0	35061.0	62741.0	107054.0	169709.0	264195.0	392567.0	599286.0	1033360.0	2604525.0	15960151.0	5944763.0
	22.0	23.0	24.0	25.0	26.0	27.0	28.0	29.0	30.0	31.0	32.0	33.0	34.0	35.0	36.0	37.0
SRR14514279_1	3.0	54.0	298.0	1458.0	5511.0	17083.0	43905.0	92929.0	164820.0	264450.0	395841.0	614886.0	1097376.0	3205399.0	13309936.0	540489.0
	20.0	21.0	22.0	23.0	24.0	25.0	26.0	27.0	28.0	29.0	30.0	31.0	32.0	33.0	34.0	35.0	36.0	37.0
SRR14514279_2	2.0	16.0	143.0	666.0	2410.0	6882.0	15598.0	31886.0	56998.0	96194.0	152393.0	235883.0	353186.0	548483.0	967013.0	2405782.0	11724800.0	3156103.0
	21.0	22.0	23.0	24.0	25.0	26.0	27.0	28.0	29.0	30.0	31.0	32.0	33.0	34.0	35.0	36.0	37.0
SRR14514280_1	2.0	6.0	63.0	325.0	1616.0	6114.0	19879.0	48917.0	102812.0	180548.0	284543.0	418887.0	641753.0	1118408.0	3313149.0	16050236.0	738237.0
	20.0	21.0	22.0	23.0	24.0	25.0	26.0	27.0	28.0	29.0	30.0	31.0	32.0	33.0	34.0	35.0	36.0	37.0
SRR14514280_2	3.0	30.0	205.0	955.0	3024.0	8338.0	18289.0	36787.0	64202.0	109292.0	171134.0	263038.0	388908.0	585458.0	999192.0	2465085.0	13496203.0	4315352.0
	21.0	22.0	23.0	24.0	25.0	26.0	27.0	28.0	29.0	30.0	31.0	32.0	33.0	34.0	35.0	36.0	37.0
SRR14514281_1	1.0	3.0	56.0	430.0	1981.0	7429.0	23363.0	58531.0	123253.0	219012.0	345256.0	505168.0	755132.0	1289201.0	3841927.0	17024001.0	724382.0
	19.0	20.0	21.0	22.0	23.0	24.0	25.0	26.0	27.0	28.0	29.0	30.0	31.0	32.0	33.0	34.0	35.0	36.0	37.0
SRR14514281_2	1.0	2.0	25.0	188.0	903.0	3031.0	8300.0	18794.0	38065.0	68328.0	117851.0	189020.0	292525.0	435014.0	664215.0	1142576.0	2805244.0	14605200.0	4529844.0
	22.0	23.0	24.0	25.0	26.0	27.0	28.0	29.0	30.0	31.0	32.0	33.0	34.0	35.0	36.0	37.0
SRR14514282_1	1.0	15.0	97.0	421.0	1539.0	4452.0	10682.0	21179.0	36223.0	56918.0	82723.0	124186.0	206965.0	579345.0	2379968.0	116765.0
	20.0	21.0	22.0	23.0	24.0	25.0	26.0	27.0	28.0	29.0	30.0	31.0	32.0	33.0	34.0	35.0	36.0	37.0
SRR14514282_2	1.0	1.0	40.0	180.0	585.0	1668.0	3538.0	6751.0	11805.0	19308.0	29689.0	45305.0	66715.0	101523.0	172172.0	407407.0	2051943.0	702848.0
	22.0	23.0	24.0	25.0	26.0	27.0	28.0	29.0	30.0	31.0	32.0	33.0	34.0	35.0	36.0	37.0
SRR14514283_1	6.0	73.0	435.0	2323.0	8995.0	28721.0	71385.0	152820.0	274784.0	443503.0	661931.0	1006688.0	1727877.0	5163111.0	22454847.0	927436.0
	21.0	22.0	23.0	24.0	25.0	26.0	27.0	28.0	29.0	30.0	31.0	32.0	33.0	34.0	35.0	36.0	37.0
SRR14514283_2	37.0	278.0	1376.0	4923.0	13332.0	29528.0	59299.0	106473.0	180419.0	283939.0	433861.0	642909.0	986044.0	1718379.0	4230305.0	18950884.0	5282949.0
	22.0	23.0	24.0	25.0	26.0	27.0	28.0	29.0	30.0	31.0	32.0	33.0	34.0	35.0	36.0	37.0
SRR14514284_1	4.0	36.0	276.0	1188.0	4646.0	14906.0	37495.0	78253.0	139385.0	220286.0	324017.0	491962.0	857121.0	2606217.0	11833602.0	483276.0
	20.0	21.0	22.0	23.0	24.0	25.0	26.0	27.0	28.0	29.0	30.0	31.0	32.0	33.0	34.0	35.0	36.0	37.0
SRR14514284_2	1.0	22.0	129.0	674.0	2419.0	6542.0	14715.0	29969.0	53666.0	91619.0	145633.0	225010.0	331059.0	501582.0	866098.0	2145320.0	10168792.0	2509420.0
	21.0	22.0	23.0	24.0	25.0	26.0	27.0	28.0	29.0	30.0	31.0	32.0	33.0	34.0	35.0	36.0	37.0
SRR14514285_1	1.0	8.0	85.0	513.0	2590.0	9756.0	30606.0	75694.0	158425.0	278718.0	444304.0	656968.0	1002928.0	1752827.0	5425820.0	24184062.0	1008763.0
	21.0	22.0	23.0	24.0	25.0	26.0	27.0	28.0	29.0	30.0	31.0	32.0	33.0	34.0	35.0	36.0	37.0
SRR14514285_2	50.0	278.0	1566.0	5309.0	14330.0	32455.0	64912.0	115262.0	191722.0	299084.0	453528.0	667124.0	1023601.0	1783820.0	4403257.0	20258392.0	5717378.0
	22.0	23.0	24.0	25.0	26.0	27.0	28.0	29.0	30.0	31.0	32.0	33.0	34.0	35.0	36.0	37.0
SRR14514286_1	4.0	69.0	401.0	1979.0	7014.0	21830.0	54736.0	115393.0	203232.0	319674.0	468422.0	706611.0	1224096.0	3622314.0	15734580.0	615214.0
	20.0	21.0	22.0	23.0	24.0	25.0	26.0	27.0	28.0	29.0	30.0	31.0	32.0	33.0	34.0	35.0	36.0	37.0
SRR14514286_2	2.0	24.0	263.0	1257.0	4387.0	11810.0	25889.0	52183.0	92894.0	154305.0	238587.0	362951.0	526979.0	793423.0	1344683.0	3163500.0	13219555.0	3102877.0
	22.0	23.0	24.0	25.0	26.0	27.0	28.0	29.0	30.0	31.0	32.0	33.0	34.0	35.0	36.0	37.0
SRR14514287_1	4.0	63.0	387.0	1930.0	6905.0	22256.0	55423.0	116710.0	204898.0	324589.0	477617.0	733264.0	1284842.0	3765508.0	18082257.0	797786.0
	20.0	21.0	22.0	23.0	24.0	25.0	26.0	27.0	28.0	29.0	30.0	31.0	32.0	33.0	34.0	35.0	36.0	37.0
SRR14514287_2	2.0	28.0	216.0	1102.0	3883.0	10167.0	22776.0	45311.0	79337.0	132635.0	206665.0	316708.0	465309.0	705065.0	1221379.0	3044092.0	15402371.0	4217393.0
	22.0	23.0	24.0	25.0	26.0	27.0	28.0	29.0	30.0	31.0	32.0	33.0	34.0	35.0	36.0	37.0
SRR14514288_1	4.0	58.0	366.0	1771.0	7164.0	22510.0	57650.0	123428.0	218998.0	348913.0	515998.0	790058.0	1379421.0	4188886.0	21511181.0	957824.0
	20.0	21.0	22.0	23.0	24.0	25.0	26.0	27.0	28.0	29.0	30.0	31.0	32.0	33.0	34.0	35.0	36.0	37.0
SRR14514288_2	1.0	33.0	205.0	1125.0	3792.0	10708.0	23803.0	47597.0	84040.0	141214.0	221502.0	337496.0	499625.0	756195.0	1315707.0	3336487.0	18162275.0	5182425.0
	21.0	22.0	23.0	24.0	25.0	26.0	27.0	28.0	29.0	30.0	31.0	32.0	33.0	34.0	35.0	36.0	37.0
SRR14514289_1	1.0	1.0	46.0	382.0	1821.0	6564.0	20629.0	50975.0	108656.0	196681.0	322976.0	496889.0	785723.0	1404975.0	4146984.0	18928338.0	796958.0
	19.0	20.0	21.0	22.0	23.0	24.0	25.0	26.0	27.0	28.0	29.0	30.0	31.0	32.0	33.0	34.0	35.0	36.0	37.0
SRR14514289_2	1.0	5.0	53.0	284.0	1586.0	5384.0	15176.0	33010.0	65609.0	113441.0	184217.0	281510.0	421131.0	612953.0	932411.0	1623282.0	3936422.0	15700561.0	3341563.0
	21.0	22.0	23.0	24.0	25.0	26.0	27.0	28.0	29.0	30.0	31.0	32.0	33.0	34.0	35.0	36.0	37.0
SRR14514290_1	2.0	5.0	54.0	391.0	1789.0	6475.0	20506.0	51100.0	105755.0	183982.0	292033.0	432064.0	661765.0	1161452.0	3483423.0	16894311.0	766196.0
	20.0	21.0	22.0	23.0	24.0	25.0	26.0	27.0	28.0	29.0	30.0	31.0	32.0	33.0	34.0	35.0	36.0	37.0
SRR14514290_2	2.0	22.0	194.0	987.0	3202.0	9027.0	19930.0	39740.0	70361.0	117995.0	183208.0	281024.0	411621.0	624331.0	1080128.0	2716790.0	14280911.0	4221830.0
	22.0	23.0	24.0	25.0	26.0	27.0	28.0	29.0	30.0	31.0	32.0	33.0	34.0	35.0	36.0	37.0
SRR14514291_1	5.0	66.0	307.0	1773.0	6678.0	20796.0	52455.0	111863.0	198846.0	321953.0	480909.0	743270.0	1305952.0	3957822.0	19180563.0	863669.0
	20.0	21.0	22.0	23.0	24.0	25.0	26.0	27.0	28.0	29.0	30.0	31.0	32.0	33.0	34.0	35.0	36.0	37.0
SRR14514291_2	1.0	32.0	184.0	1025.0	3443.0	9431.0	20915.0	42959.0	76407.0	129157.0	203277.0	312610.0	460272.0	701096.0	1195258.0	2936879.0	16072044.0	5081937.0
	22.0	23.0	24.0	25.0	26.0	27.0	28.0	29.0	30.0	31.0	32.0	33.0	34.0	35.0	36.0	37.0
SRR14514292_1	8.0	81.0	375.0	1951.0	7263.0	22959.0	57500.0	121313.0	213792.0	337489.0	495921.0	755359.0	1293073.0	3751459.0	17842978.0	789276.0
	20.0	21.0	22.0	23.0	24.0	25.0	26.0	27.0	28.0	29.0	30.0	31.0	32.0	33.0	34.0	35.0	36.0	37.0
SRR14514292_2	3.0	23.0	194.0	1096.0	3687.0	10291.0	22501.0	45318.0	79844.0	133598.0	207763.0	315997.0	463921.0	706487.0	1224698.0	3050827.0	15234206.0	4190343.0
	22.0	23.0	24.0	25.0	26.0	27.0	28.0	29.0	30.0	31.0	32.0	33.0	34.0	35.0	36.0	37.0
SRR14514293_1	10.0	71.0	506.0	2624.0	10040.0	31982.0	79267.0	166113.0	291237.0	458179.0	668938.0	1007586.0	1757983.0	5492418.0	23745093.0	990695.0
	20.0	21.0	22.0	23.0	24.0	25.0	26.0	27.0	28.0	29.0	30.0	31.0	32.0	33.0	34.0	35.0	36.0	37.0
SRR14514293_2	1.0	35.0	213.0	1115.0	3833.0	10883.0	24390.0	49951.0	91435.0	156420.0	250048.0	390653.0	580752.0	895242.0	1557038.0	3895197.0	20339812.0	6455724.0
	22.0	23.0	24.0	25.0	26.0	27.0	28.0	29.0	30.0	31.0	32.0	33.0	34.0	35.0	36.0	37.0
SRR14514294_1	5.0	64.0	364.0	1915.0	7699.0	24360.0	63143.0	134956.0	240080.0	383595.0	568663.0	877586.0	1549446.0	4716148.0	22206676.0	960733.0
	20.0	21.0	22.0	23.0	24.0	25.0	26.0	27.0	28.0	29.0	30.0	31.0	32.0	33.0	34.0	35.0	36.0	37.0
SRR14514294_2	6.0	25.0	218.0	1146.0	4100.0	11528.0	26024.0	52200.0	93184.0	157445.0	246109.0	376350.0	554146.0	844765.0	1466505.0	3716134.0	18997988.0	5187560.0
	21.0	22.0	23.0	24.0	25.0	26.0	27.0	28.0	29.0	30.0	31.0	32.0	33.0	34.0	35.0	36.0	37.0
SRR14514295_1	1.0	11.0	102.0	545.0	2629.0	9660.0	30348.0	74352.0	155757.0	275866.0	437706.0	645462.0	979242.0	1715330.0	5303666.0	23228813.0	909176.0
	20.0	21.0	22.0	23.0	24.0	25.0	26.0	27.0	28.0	29.0	30.0	31.0	32.0	33.0	34.0	35.0	36.0	37.0
SRR14514295_2	5.0	46.0	319.0	1727.0	5761.0	16073.0	35392.0	71160.0	125406.0	207599.0	323767.0	489071.0	714301.0	1087051.0	1914002.0	4772995.0	19392158.0	4611833.0
	22.0	23.0	24.0	25.0	26.0	27.0	28.0	29.0	30.0	31.0	32.0	33.0	34.0	35.0	36.0	37.0
SRR14514296_1	3.0	43.0	288.0	1509.0	6075.0	19034.0	48746.0	103951.0	184393.0	295768.0	439080.0	677123.0	1190289.0	3580892.0	17667976.0	797746.0
	20.0	21.0	22.0	23.0	24.0	25.0	26.0	27.0	28.0	29.0	30.0	31.0	32.0	33.0	34.0	35.0	36.0	37.0
SRR14514296_2	4.0	12.0	169.0	825.0	2794.0	7917.0	17685.0	36339.0	66537.0	111969.0	179265.0	278343.0	414353.0	631819.0	1101152.0	2782872.0	15154701.0	4226160.0
	22.0	23.0	24.0	25.0	26.0	27.0	28.0	29.0	30.0	31.0	32.0	33.0	34.0	35.0	36.0	37.0
SRR14514297_1	6.0	53.0	293.0	1645.0	6084.0	19291.0	48307.0	102366.0	178983.0	281061.0	412497.0	636179.0	1117215.0	3314877.0	15521044.0	715192.0
	20.0	21.0	22.0	23.0	24.0	25.0	26.0	27.0	28.0	29.0	30.0	31.0	32.0	33.0	34.0	35.0	36.0	37.0
SRR14514297_2	2.0	32.0	206.0	1117.0	3663.0	10028.0	22164.0	43888.0	76578.0	127003.0	196490.0	296253.0	433623.0	658442.0	1142546.0	2798367.0	13027682.0	3517009.0
	22.0	23.0	24.0	25.0	26.0	27.0	28.0	29.0	30.0	31.0	32.0	33.0	34.0	35.0	36.0	37.0
SRR14514298_1	10.0	87.0	500.0	2510.0	9799.0	30117.0	75418.0	159391.0	280664.0	443515.0	653416.0	987032.0	1703853.0	5221129.0	22145401.0	902652.0
	20.0	21.0	22.0	23.0	24.0	25.0	26.0	27.0	28.0	29.0	30.0	31.0	32.0	33.0	34.0	35.0	36.0	37.0
SRR14514298_2	1.0	36.0	312.0	1464.0	4932.0	13572.0	29916.0	60392.0	108009.0	181251.0	284142.0	433159.0	636239.0	968511.0	1676567.0	4115052.0	18744461.0	5357478.0
	22.0	23.0	24.0	25.0	26.0	27.0	28.0	29.0	30.0	31.0	32.0	33.0	34.0	35.0	36.0	37.0
SRR14514299_1	10.0	53.0	397.0	1890.0	7287.0	22458.0	56375.0	118967.0	207980.0	329279.0	487214.0	748820.0	1304040.0	3789742.0	17062908.0	785268.0
	20.0	21.0	22.0	23.0	24.0	25.0	26.0	27.0	28.0	29.0	30.0	31.0	32.0	33.0	34.0	35.0	36.0	37.0
SRR14514299_2	2.0	40.0	248.0	1177.0	4060.0	10993.0	24660.0	49405.0	86726.0	144975.0	224670.0	339388.0	494007.0	744514.0	1260126.0	2968768.0	14233603.0	4335326.0
	21.0	22.0	23.0	24.0	25.0	26.0	27.0	28.0	29.0	30.0	31.0	32.0	33.0	34.0	35.0	36.0	37.0
SRR14514300_1	1.0	9.0	47.0	315.0	1562.0	5915.0	18359.0	45015.0	93466.0	163066.0	256162.0	371269.0	558354.0	967901.0	2930562.0	13002011.0	525078.0
	20.0	21.0	22.0	23.0	24.0	25.0	26.0	27.0	28.0	29.0	30.0	31.0	32.0	33.0	34.0	35.0	36.0	37.0
SRR14514300_2	2.0	18.0	165.0	857.0	2768.0	7930.0	17531.0	35502.0	63341.0	106077.0	166269.0	255109.0	376027.0	573811.0	995648.0	2463385.0	11041154.0	2833498.0
	22.0	23.0	24.0	25.0	26.0	27.0	28.0	29.0	30.0	31.0	32.0	33.0	34.0	35.0	36.0	37.0
SRR14514301_1	8.0	73.0	426.0	2211.0	8114.0	25198.0	61729.0	129296.0	227179.0	364092.0	546086.0	849133.0	1472406.0	4271662.0	19655505.0	900759.0
	21.0	22.0	23.0	24.0	25.0	26.0	27.0	28.0	29.0	30.0	31.0	32.0	33.0	34.0	35.0	36.0	37.0
SRR14514301_2	33.0	260.0	1387.0	4695.0	12782.0	28290.0	55707.0	97472.0	162444.0	252925.0	384303.0	565619.0	867949.0	1513952.0	3735150.0	16729146.0	4101763.0
	22.0	23.0	24.0	25.0	26.0	27.0	28.0	29.0	30.0	31.0	32.0	33.0	34.0	35.0	36.0	37.0
SRR14514302_1	10.0	65.0	403.0	1959.0	7176.0	22499.0	54901.0	114481.0	200425.0	317641.0	470442.0	723140.0	1252319.0	3636615.0	16892943.0	743119.0
	19.0	20.0	21.0	22.0	23.0	24.0	25.0	26.0	27.0	28.0	29.0	30.0	31.0	32.0	33.0	34.0	35.0	36.0	37.0
SRR14514302_2	1.0	3.0	26.0	237.0	1277.0	4161.0	11366.0	25149.0	49385.0	86839.0	142838.0	220131.0	331466.0	480500.0	728682.0	1246362.0	3002893.0	14104305.0	4002517.0
	22.0	23.0	24.0	25.0	26.0	27.0	28.0	29.0	30.0	31.0	32.0	33.0	34.0	35.0	36.0	37.0
SRR14514303_1	5.0	63.0	305.0	1580.0	6136.0	19465.0	49632.0	107807.0	192768.0	306960.0	449552.0	681259.0	1190593.0	3574829.0	16313422.0	663092.0
	20.0	21.0	22.0	23.0	24.0	25.0	26.0	27.0	28.0	29.0	30.0	31.0	32.0	33.0	34.0	35.0	36.0	37.0
SRR14514303_2	2.0	38.0	220.0	1037.0	3443.0	9876.0	22072.0	44512.0	79159.0	135262.0	213683.0	328004.0	486706.0	743767.0	1295782.0	3168279.0	13828820.0	3196806.0
	21.0	22.0	23.0	24.0	25.0	26.0	27.0	28.0	29.0	30.0	31.0	32.0	33.0	34.0	35.0	36.0	37.0
SRR14514304_1	1.0	8.0	44.0	320.0	1785.0	6710.0	21826.0	55799.0	119341.0	210722.0	333781.0	490367.0	743370.0	1292286.0	3933505.0	17303820.0	696179.0
	20.0	21.0	22.0	23.0	24.0	25.0	26.0	27.0	28.0	29.0	30.0	31.0	32.0	33.0	34.0	35.0	36.0	37.0
SRR14514304_2	4.0	22.0	165.0	784.0	2814.0	8064.0	17882.0	36650.0	66454.0	115001.0	184589.0	289267.0	432318.0	666208.0	1156641.0	2881010.0	14954795.0	4397196.0
	21.0	22.0	23.0	24.0	25.0	26.0	27.0	28.0	29.0	30.0	31.0	32.0	33.0	34.0	35.0	36.0	37.0
SRR14514305_1	2.0	6.0	80.0	475.0	2474.0	9636.0	30249.0	77143.0	165311.0	295443.0	474362.0	704963.0	1087968.0	1919141.0	5875536.0	28323991.0	1244934.0
	20.0	21.0	22.0	23.0	24.0	25.0	26.0	27.0	28.0	29.0	30.0	31.0	32.0	33.0	34.0	35.0	36.0	37.0
SRR14514305_2	2.0	50.0	341.0	1657.0	5497.0	15248.0	33529.0	67742.0	120013.0	201117.0	313554.0	476868.0	703229.0	1073291.0	1872154.0	4753684.0	23948248.0	6625490.0
	22.0	23.0	24.0	25.0	26.0	27.0	28.0	29.0	30.0	31.0	32.0	33.0	34.0	35.0	36.0	37.0
SRR14514306_1	4.0	63.0	381.0	1952.0	7587.0	23545.0	60173.0	126033.0	221801.0	349466.0	515783.0	780883.0	1359431.0	4149468.0	17870289.0	702673.0
	20.0	21.0	22.0	23.0	24.0	25.0	26.0	27.0	28.0	29.0	30.0	31.0	32.0	33.0	34.0	35.0	36.0	37.0
SRR14514306_2	7.0	33.0	236.0	1268.0	4080.0	11325.0	25426.0	50984.0	91195.0	151927.0	237052.0	359653.0	528054.0	799474.0	1378710.0	3379688.0	15204451.0	3945969.0
	21.0	22.0	23.0	24.0	25.0	26.0	27.0	28.0	29.0	30.0	31.0	32.0	33.0	34.0	35.0	36.0	37.0
SRR14514307_1	2.0	11.0	117.0	667.0	3427.0	12446.0	38625.0	95573.0	198526.0	346156.0	537248.0	779948.0	1177915.0	2045658.0	6172877.0	26776661.0	1040473.0
	20.0	21.0	22.0	23.0	24.0	25.0	26.0	27.0	28.0	29.0	30.0	31.0	32.0	33.0	34.0	35.0	36.0	37.0
SRR14514307_2	2.0	56.0	360.0	1752.0	6085.0	17298.0	38036.0	76652.0	134336.0	223985.0	347189.0	529170.0	776449.0	1182856.0	2059871.0	5075733.0	22800098.0	5956402.0
	22.0	23.0	24.0	25.0	26.0	27.0	28.0	29.0	30.0	31.0	32.0	33.0	34.0	35.0	36.0	37.0
SRR14514308_1	3.0	32.0	212.0	1073.0	3909.0	11855.0	29391.0	60850.0	105286.0	164954.0	240361.0	359998.0	616784.0	1879927.0	8291374.0	347730.0
	20.0	21.0	22.0	23.0	24.0	25.0	26.0	27.0	28.0	29.0	30.0	31.0	32.0	33.0	34.0	35.0	36.0	37.0
SRR14514308_2	1.0	12.0	107.0	458.0	1521.0	4260.0	9645.0	19226.0	34459.0	57700.0	92143.0	142302.0	209654.0	317639.0	551194.0	1374890.0	7099252.0	2199276.0
	22.0	23.0	24.0	25.0	26.0	27.0	28.0	29.0	30.0	31.0	32.0	33.0	34.0	35.0	36.0	37.0
SRR14514309_1	9.0	46.0	353.0	1756.0	6252.0	19094.0	45588.0	91942.0	157761.0	247613.0	365518.0	563092.0	991789.0	3130527.0	12977773.0	666120.0
	20.0	21.0	22.0	23.0	24.0	25.0	26.0	27.0	28.0	29.0	30.0	31.0	32.0	33.0	34.0	35.0	36.0	37.0
SRR14514309_2	1.0	25.0	177.0	848.0	2839.0	7772.0	17073.0	34138.0	59757.0	100026.0	154930.0	233647.0	340592.0	516750.0	893205.0	2212866.0	10820131.0	3870456.0
	22.0	23.0	24.0	25.0	26.0	27.0	28.0	29.0	30.0	31.0	32.0	33.0	34.0	35.0	36.0	37.0
SRR14514310_1	6.0	55.0	395.0	1993.0	7363.0	22558.0	56619.0	119696.0	211249.0	337312.0	504804.0	778311.0	1349355.0	4014054.0	18874699.0	889465.0
	20.0	21.0	22.0	23.0	24.0	25.0	26.0	27.0	28.0	29.0	30.0	31.0	32.0	33.0	34.0	35.0	36.0	37.0
SRR14514310_2	2.0	37.0	251.0	1393.0	4732.0	12861.0	28430.0	55319.0	97457.0	160648.0	247902.0	371390.0	540031.0	815846.0	1394198.0	3354636.0	15614856.0	4467945.0
	22.0	23.0	24.0	25.0	26.0	27.0	28.0	29.0	30.0	31.0	32.0	33.0	34.0	35.0	36.0	37.0
SRR14514311_1	4.0	57.0	352.0	1767.0	6687.0	20899.0	51453.0	108553.0	191533.0	302359.0	448195.0	687576.0	1199830.0	3474511.0	14916963.0	638320.0
	20.0	21.0	22.0	23.0	24.0	25.0	26.0	27.0	28.0	29.0	30.0	31.0	32.0	33.0	34.0	35.0	36.0	37.0
SRR14514311_2	1.0	13.0	129.0	771.0	2434.0	7058.0	15584.0	31535.0	56436.0	96733.0	154325.0	241364.0	363822.0	563577.0	993971.0	2518562.0	13161632.0	3841112.0
	22.0	23.0	24.0	25.0	26.0	27.0	28.0	29.0	30.0	31.0	32.0	33.0	34.0	35.0	36.0	37.0
SRR14514312_1	9.0	48.0	380.0	1749.0	6634.0	21344.0	52871.0	112137.0	196985.0	308613.0	450488.0	689142.0	1194666.0	3571199.0	18008993.0	821619.0
	20.0	21.0	22.0	23.0	24.0	25.0	26.0	27.0	28.0	29.0	30.0	31.0	32.0	33.0	34.0	35.0	36.0	37.0
SRR14514312_2	2.0	29.0	208.0	1000.0	3390.0	9045.0	20103.0	39548.0	69690.0	118180.0	185220.0	284909.0	420559.0	639568.0	1103980.0	2767374.0	15317528.0	4456544.0
	22.0	23.0	24.0	25.0	26.0	27.0	28.0	29.0	30.0	31.0	32.0	33.0	34.0	35.0	36.0	37.0
SRR14514313_1	7.0	48.0	310.0	1729.0	6413.0	20331.0	51062.0	108493.0	191523.0	306641.0	457499.0	707510.0	1251868.0	3666459.0	17728255.0	803654.0
	20.0	21.0	22.0	23.0	24.0	25.0	26.0	27.0	28.0	29.0	30.0	31.0	32.0	33.0	34.0	35.0	36.0	37.0
SRR14514313_2	1.0	31.0	250.0	1127.0	3725.0	10679.0	22836.0	45752.0	80366.0	132782.0	205002.0	309723.0	456811.0	702901.0	1222113.0	2982105.0	14933837.0	4191761.0
	21.0	22.0	23.0	24.0	25.0	26.0	27.0	28.0	29.0	30.0	31.0	32.0	33.0	34.0	35.0	36.0	37.0
SRR14514314_1	1.0	1.0	52.0	370.0	1619.0	6073.0	19098.0	47219.0	97951.0	171200.0	269604.0	394478.0	596216.0	1032750.0	3054869.0	14835177.0	660105.0
	20.0	21.0	22.0	23.0	24.0	25.0	26.0	27.0	28.0	29.0	30.0	31.0	32.0	33.0	34.0	35.0	36.0	37.0
SRR14514314_2	4.0	24.0	177.0	911.0	2966.0	8420.0	18385.0	36755.0	65461.0	108956.0	169567.0	257873.0	378070.0	572912.0	980448.0	2422306.0	12655839.0	3507709.0
	23.0	24.0	25.0	26.0	27.0	28.0	29.0	30.0	31.0	32.0	33.0	34.0	35.0	36.0	37.0
SRR14514315_1	47.0	329.0	1652.0	6321.0	19569.0	48409.0	101521.0	179402.0	285849.0	423149.0	646742.0	1135795.0	3477183.0	14369578.0	541415.0
	20.0	21.0	22.0	23.0	24.0	25.0	26.0	27.0	28.0	29.0	30.0	31.0	32.0	33.0	34.0	35.0	36.0	37.0
SRR14514315_2	3.0	18.0	175.0	914.0	2969.0	8440.0	18825.0	37939.0	67158.0	113933.0	179406.0	275194.0	409451.0	624636.0	1092226.0	2702613.0	12390092.0	3312969.0
	21.0	22.0	23.0	24.0	25.0	26.0	27.0	28.0	29.0	30.0	31.0	32.0	33.0	34.0	35.0	36.0	37.0
SRR14514316_1	1.0	9.0	96.0	729.0	3386.0	12581.0	38638.0	94894.0	199350.0	354000.0	566973.0	847404.0	1292124.0	2250789.0	6924288.0	30491714.0	1250674.0
	19.0	20.0	21.0	22.0	23.0	24.0	25.0	26.0	27.0	28.0	29.0	30.0	31.0	32.0	33.0	34.0	35.0	36.0	37.0
SRR14514316_2	1.0	5.0	83.0	480.0	2520.0	7941.0	22237.0	47912.0	95821.0	167488.0	276763.0	428023.0	643809.0	933346.0	1408917.0	2411205.0	5833259.0	25459312.0	6588528.0
	22.0	23.0	24.0	25.0	26.0	27.0	28.0	29.0	30.0	31.0	32.0	33.0	34.0	35.0	36.0	37.0
SRR14514317_1	5.0	57.0	336.0	1679.0	6280.0	18940.0	46087.0	95227.0	165283.0	258254.0	379280.0	581282.0	1011863.0	3005404.0	13680091.0	624335.0
	19.0	20.0	21.0	22.0	23.0	24.0	25.0	26.0	27.0	28.0	29.0	30.0	31.0	32.0	33.0	34.0	35.0	36.0	37.0
SRR14514317_2	1.0	1.0	21.0	189.0	918.0	3061.0	8446.0	18516.0	36948.0	63757.0	107162.0	163951.0	248375.0	359649.0	541694.0	925517.0	2248941.0	11593474.0	3553782.0
	22.0	23.0	24.0	25.0	26.0	27.0	28.0	29.0	30.0	31.0	32.0	33.0	34.0	35.0	36.0	37.0
SRR14514318_1	4.0	64.0	336.0	1736.0	6792.0	20653.0	50292.0	104161.0	182094.0	287429.0	424633.0	651041.0	1147853.0	3449582.0	13757646.0	528196.0
	20.0	21.0	22.0	23.0	24.0	25.0	26.0	27.0	28.0	29.0	30.0	31.0	32.0	33.0	34.0	35.0	36.0	37.0
SRR14514318_2	1.0	16.0	136.0	627.0	2184.0	5998.0	14200.0	29302.0	53351.0	93405.0	151677.0	239343.0	361839.0	560706.0	988707.0	2483756.0	12161166.0	3466098.0
	21.0	22.0	23.0	24.0	25.0	26.0	27.0	28.0	29.0	30.0	31.0	32.0	33.0	34.0	35.0	36.0	37.0
SRR14514319_1	1.0	13.0	83.0	576.0	2677.0	9714.0	29218.0	70369.0	145489.0	254879.0	406928.0	602009.0	912057.0	1591159.0	4904400.0	21548354.0	826492.0
	20.0	21.0	22.0	23.0	24.0	25.0	26.0	27.0	28.0	29.0	30.0	31.0	32.0	33.0	34.0	35.0	36.0	37.0
SRR14514319_2	4.0	46.0	266.0	1407.0	4835.0	13527.0	28929.0	58051.0	101597.0	170495.0	266180.0	407033.0	598298.0	907228.0	1561286.0	3846020.0	18465577.0	4873639.0
	22.0	23.0	24.0	25.0	26.0	27.0	28.0	29.0	30.0	31.0	32.0	33.0	34.0	35.0	36.0	37.0
SRR14514320_1	6.0	96.0	546.0	2836.0	10526.0	32310.0	80155.0	170149.0	297438.0	464752.0	678433.0	1019289.0	1729554.0	5039184.0	22527911.0	947844.0
	19.0	20.0	21.0	22.0	23.0	24.0	25.0	26.0	27.0	28.0	29.0	30.0	31.0	32.0	33.0	34.0	35.0	36.0	37.0
SRR14514320_2	2.0	2.0	60.0	250.0	1341.0	4301.0	12067.0	26954.0	54263.0	97358.0	164562.0	259054.0	398508.0	587190.0	889264.0	1526549.0	3736548.0	19350527.0	5892229.0
	22.0	23.0	24.0	25.0	26.0	27.0	28.0	29.0	30.0	31.0	32.0	33.0	34.0	35.0	36.0	37.0
SRR14514321_1	5.0	65.0	382.0	1777.0	6989.0	21665.0	54443.0	115453.0	204818.0	321257.0	472102.0	715769.0	1238147.0	3624264.0	15524556.0	607655.0
	20.0	21.0	22.0	23.0	24.0	25.0	26.0	27.0	28.0	29.0	30.0	31.0	32.0	33.0	34.0	35.0	36.0	37.0
SRR14514321_2	5.0	22.0	168.0	981.0	3254.0	9169.0	20263.0	41359.0	74621.0	127019.0	201525.0	309597.0	456621.0	694604.0	1184210.0	2850028.0	13459415.0	3476486.0
	21.0	22.0	23.0	24.0	25.0	26.0	27.0	28.0	29.0	30.0	31.0	32.0	33.0	34.0	35.0	36.0	37.0
SRR14514322_1	1.0	13.0	73.0	416.0	2054.0	7482.0	23055.0	56072.0	116562.0	204713.0	325310.0	482059.0	740892.0	1289087.0	3683951.0	15113003.0	666371.0
	20.0	21.0	22.0	23.0	24.0	25.0	26.0	27.0	28.0	29.0	30.0	31.0	32.0	33.0	34.0	35.0	36.0	37.0
SRR14514322_2	3.0	24.0	186.0	941.0	3156.0	8878.0	19535.0	39518.0	69841.0	118401.0	185594.0	283551.0	419911.0	646308.0	1130702.0	2750566.0	13094315.0	3939684.0
	22.0	23.0	24.0	25.0	26.0	27.0	28.0	29.0	30.0	31.0	32.0	33.0	34.0	35.0	36.0	37.0
SRR14514323_1	12.0	84.0	588.0	2806.0	10351.0	31984.0	77043.0	159390.0	277890.0	436520.0	634274.0	949851.0	1642945.0	5177078.0	23460963.0	984937.0
	20.0	21.0	22.0	23.0	24.0	25.0	26.0	27.0	28.0	29.0	30.0	31.0	32.0	33.0	34.0	35.0	36.0	37.0
SRR14514323_2	1.0	34.0	242.0	1252.0	4309.0	12000.0	26350.0	53697.0	96749.0	164497.0	260483.0	402257.0	596632.0	915498.0	1610128.0	4112691.0	20019305.0	5570591.0
	21.0	22.0	23.0	24.0	25.0	26.0	27.0	28.0	29.0	30.0	31.0	32.0	33.0	34.0	35.0	36.0	37.0
SRR14514324_1	1.0	12.0	58.0	394.0	2013.0	7490.0	23788.0	59294.0	124573.0	220221.0	353508.0	524874.0	805941.0	1377578.0	4011775.0	18770113.0	863622.0
	20.0	21.0	22.0	23.0	24.0	25.0	26.0	27.0	28.0	29.0	30.0	31.0	32.0	33.0	34.0	35.0	36.0	37.0
SRR14514324_2	1.0	28.0	216.0	1096.0	3752.0	10303.0	22920.0	45766.0	81491.0	136674.0	213719.0	326177.0	482809.0	734221.0	1267307.0	3151373.0	15926205.0	4741197.0
	21.0	22.0	23.0	24.0	25.0	26.0	27.0	28.0	29.0	30.0	31.0	32.0	33.0	34.0	35.0	36.0	37.0
SRR14514325_1	2.0	17.0	122.0	715.0	3528.0	12831.0	39295.0	95499.0	200434.0	353075.0	563698.0	835506.0	1276934.0	2169933.0	6360579.0	29714552.0	1344807.0
	20.0	21.0	22.0	23.0	24.0	25.0	26.0	27.0	28.0	29.0	30.0	31.0	32.0	33.0	34.0	35.0	36.0	37.0
SRR14514325_2	11.0	55.0	358.0	1666.0	5682.0	15566.0	34388.0	67994.0	120955.0	200978.0	314536.0	479878.0	705578.0	1081959.0	1894506.0	4836799.0	25442398.0	7768220.0
	22.0	23.0	24.0	25.0	26.0	27.0	28.0	29.0	30.0	31.0	32.0	33.0	34.0	35.0	36.0	37.0
SRR14514326_1	7.0	98.0	602.0	2842.0	10070.0	30908.0	74220.0	154265.0	270773.0	428982.0	635687.0	964050.0	1687610.0	5150439.0	23330424.0	931479.0
	20.0	21.0	22.0	23.0	24.0	25.0	26.0	27.0	28.0	29.0	30.0	31.0	32.0	33.0	34.0	35.0	36.0	37.0
SRR14514326_2	2.0	30.0	295.0	1564.0	5325.0	14795.0	31817.0	63441.0	111394.0	185418.0	289103.0	443452.0	652785.0	992720.0	1708014.0	4217147.0	19895261.0	5059893.0
	21.0	22.0	23.0	24.0	25.0	26.0	27.0	28.0	29.0	30.0	31.0	32.0	33.0	34.0	35.0	36.0	37.0
SRR14514327_1	1.0	2.0	55.0	393.0	1785.0	6949.0	22339.0	56953.0	120448.0	214751.0	343705.0	507937.0	773425.0	1354087.0	4277473.0	19089517.0	832488.0
	21.0	22.0	23.0	24.0	25.0	26.0	27.0	28.0	29.0	30.0	31.0	32.0	33.0	34.0	35.0	36.0	37.0
SRR14514327_2	39.0	236.0	1103.0	3812.0	10449.0	23107.0	46518.0	83242.0	140082.0	220173.0	337630.0	498559.0	763837.0	1324425.0	3287204.0	15952636.0	4909256.0
	22.0	23.0	24.0	25.0	26.0	27.0	28.0	29.0	30.0	31.0	32.0	33.0	34.0	35.0	36.0	37.0
SRR14514328_1	5.0	58.0	403.0	1973.0	7277.0	23293.0	58116.0	121835.0	216802.0	344950.0	509769.0	777589.0	1352503.0	4051183.0	17460230.0	689509.0
	19.0	20.0	21.0	22.0	23.0	24.0	25.0	26.0	27.0	28.0	29.0	30.0	31.0	32.0	33.0	34.0	35.0	36.0	37.0
SRR14514328_2	1.0	2.0	23.0	245.0	1111.0	3675.0	10327.0	23200.0	46650.0	83554.0	141260.0	222573.0	340366.0	505519.0	768158.0	1332430.0	3267714.0	14850103.0	4018584.0
	21.0	22.0	23.0	24.0	25.0	26.0	27.0	28.0	29.0	30.0	31.0	32.0	33.0	34.0	35.0	36.0	37.0
SRR14514329_1	1.0	7.0	68.0	477.0	2391.0	9392.0	28567.0	69504.0	142577.0	246792.0	382008.0	551327.0	826318.0	1429693.0	4487363.0	19676473.0	801051.0
	20.0	21.0	22.0	23.0	24.0	25.0	26.0	27.0	28.0	29.0	30.0	31.0	32.0	33.0	34.0	35.0	36.0	37.0
SRR14514329_2	1.0	26.0	210.0	997.0	3603.0	9846.0	21825.0	44267.0	78096.0	133020.0	209516.0	324141.0	481603.0	731494.0	1262037.0	3135644.0	16942165.0	5275518.0

