Sample	36	38	40	42	44	46	48	50	52	54	56	58	60	62	64	66	68	70	72	74	76	78	80	82	84	86	88	90	92	94	96	98	100
SRR14514161_1	255107.0	306150.0	312837.0	236517.0	218905.0	374262.0	753043.0	675569.0	371340.0	330351.0	377176.0	348258.0	334199.0	324569.0	483523.0	360640.0	322981.0	321266.0	328325.0	306057.0	291561.0	314967.0	276511.0	274543.0	30261.0	29066.0	27984.0	24377.0	22008.0	21767.0	27927.0	555617.0	30317310.0
SRR14514161_2	267680.0	317873.0	325607.0	249003.0	228071.0	382723.0	760650.0	685238.0	381381.0	340491.0	385964.0	354069.0	338427.0	325570.0	484273.0	362207.0	325704.0	323450.0	330105.0	308923.0	293755.0	314385.0	272436.0	266506.0	25657.0	24395.0	27514.0	23784.0	24588.0	22150.0	27902.0	688638.0	30065855.0
SRR14514162_1	67265.0	73028.0	76841.0	81290.0	83033.0	89419.0	101464.0	99558.0	100749.0	102930.0	110527.0	116979.0	115154.0	118388.0	121299.0	122624.0	128759.0	133564.0	141602.0	147337.0	148868.0	151508.0	155203.0	161574.0	22061.0	21775.0	21079.0	20431.0	18625.0	18904.0	23397.0	407280.0	22045775.0
SRR14514162_2	75728.0	80341.0	83787.0	88831.0	90390.0	96187.0	107112.0	106327.0	106815.0	108831.0	115442.0	120508.0	117083.0	119336.0	123246.0	124249.0	130567.0	134923.0	139828.0	146973.0	146472.0	148818.0	149525.0	153857.0	16880.0	17066.0	16830.0	16001.0	15581.0	14959.0	18404.0	489290.0	21928103.0
SRR14514163_1	42953.0	44970.0	47024.0	49182.0	51756.0	59386.0	79488.0	73680.0	69682.0	67217.0	73193.0	78356.0	80235.0	81761.0	85339.0	82109.0	87315.0	92818.0	103737.0	111693.0	116521.0	124727.0	131711.0	146886.0	32138.0	32665.0	30673.0	31358.0	27938.0	26899.0	36745.0	528077.0	28356148.0
SRR14514163_2	53521.0	53494.0	55858.0	58200.0	62026.0	69038.0	87630.0	82847.0	78097.0	75287.0	79225.0	82124.0	81628.0	81748.0	86286.0	82406.0	88904.0	93124.0	100591.0	110575.0	113061.0	119379.0	120175.0	131505.0	19110.0	18867.0	19722.0	18246.0	18096.0	17038.0	21431.0	582542.0	28322599.0
SRR14514164_1	32240.0	32382.0	33031.0	34944.0	36681.0	40457.0	52244.0	48409.0	46503.0	45195.0	48354.0	51437.0	52716.0	53446.0	60149.0	49529.0	51983.0	54331.0	58640.0	62708.0	65160.0	70505.0	74204.0	79511.0	24966.0	24417.0	23749.0	21794.0	19711.0	20147.0	28508.0	393928.0	21366666.0
SRR14514164_2	42078.0	40561.0	40562.0	43074.0	45312.0	48936.0	59179.0	55985.0	53687.0	51963.0	54210.0	55444.0	54850.0	54074.0	61221.0	50305.0	52885.0	54388.0	56945.0	62445.0	62552.0	65840.0	65756.0	67955.0	14211.0	14162.0	13889.0	13281.0	12899.0	12705.0	15544.0	460353.0	21301394.0
SRR14514165_1	65316.0	70409.0	77315.0	78141.0	76958.0	80525.0	89610.0	88288.0	87307.0	86851.0	91700.0	99386.0	96872.0	95815.0	97441.0	97182.0	101990.0	101809.0	106071.0	110149.0	113902.0	116194.0	120110.0	123748.0	25361.0	24688.0	24517.0	22937.0	21637.0	21628.0	25382.0	478817.0	26678383.0
SRR14514165_2	74486.0	78044.0	85144.0	85926.0	84890.0	88807.0	96815.0	96137.0	95239.0	94672.0	98011.0	104184.0	100234.0	98033.0	100917.0	100530.0	106015.0	104883.0	107636.0	111951.0	113840.0	115145.0	116371.0	117035.0	19102.0	18844.0	18889.0	18190.0	17714.0	17319.0	21545.0	583702.0	26506189.0
SRR14514166_1	9212.0	9697.0	10317.0	11098.0	10980.0	11872.0	13994.0	13292.0	12425.0	13061.0	14015.0	14784.0	14827.0	14722.0	15823.0	15013.0	15623.0	15993.0	17503.0	18365.0	19330.0	21357.0	22027.0	22566.0	6986.0	6974.0	6736.0	6085.0	5358.0	5114.0	6611.0	105688.0	5245515.0
SRR14514166_2	11173.0	11283.0	12094.0	12618.0	12781.0	13563.0	15444.0	14953.0	14161.0	14736.0	15423.0	15392.0	14948.0	14481.0	15629.0	14694.0	15389.0	16055.0	17009.0	18005.0	17784.0	19269.0	19235.0	19050.0	4217.0	4197.0	4193.0	3732.0	3694.0	3624.0	4451.0	123790.0	5235896.0
SRR14514167_1	39476.0	42582.0	48818.0	50047.0	51191.0	60623.0	90707.0	83557.0	74807.0	68048.0	69896.0	73449.0	75504.0	75876.0	79835.0	76201.0	80633.0	84221.0	88942.0	94381.0	100825.0	108847.0	116377.0	125964.0	32712.0	31321.0	30410.0	26929.0	23269.0	22350.0	28864.0	540487.0	29994642.0
SRR14514167_2	55183.0	56558.0	63392.0	63761.0	65049.0	74439.0	103432.0	98380.0	89716.0	82649.0	82224.0	83343.0	82578.0	82008.0	87028.0	82780.0	88224.0	91116.0	94286.0	101863.0	106300.0	111790.0	113081.0	117349.0	25284.0	24809.0	24935.0	23344.0	23335.0	22721.0	28282.0	741028.0	29601524.0
SRR14514168_1	50890.0	54102.0	56735.0	58724.0	60697.0	65579.0	75382.0	74324.0	74128.0	73663.0	80777.0	86777.0	86308.0	87649.0	90360.0	88506.0	94206.0	95234.0	99893.0	103195.0	104685.0	106492.0	108457.0	114968.0	16001.0	16544.0	15670.0	15692.0	14303.0	13466.0	16081.0	303048.0	17499719.0
SRR14514168_2	55997.0	58341.0	61275.0	63039.0	65366.0	70362.0	79285.0	78731.0	78323.0	77675.0	84062.0	88757.0	87538.0	88035.0	91299.0	89693.0	95157.0	96273.0	99806.0	104341.0	104712.0	105855.0	106123.0	110432.0	12361.0	12232.0	12320.0	11538.0	11289.0	10683.0	13298.0	364206.0	17413851.0
SRR14514169_1	70283.0	75449.0	91732.0	87970.0	85341.0	88447.0	96076.0	98598.0	101174.0	104530.0	110865.0	118765.0	121479.0	124939.0	129547.0	133456.0	141338.0	146461.0	154475.0	159786.0	165835.0	172282.0	179812.0	187281.0	19879.0	19505.0	18863.0	17033.0	14964.0	14725.0	19293.0	393730.0	23357975.0
SRR14514169_2	76460.0	80365.0	96897.0	92548.0	90102.0	93199.0	100031.0	104332.0	105950.0	109819.0	115013.0	122232.0	123235.0	125580.0	130769.0	134700.0	143385.0	147987.0	154744.0	161691.0	165735.0	171622.0	176501.0	181570.0	15707.0	15817.0	15292.0	14738.0	14460.0	13995.0	17298.0	475352.0	23234762.0
SRR14514170_1	73622.0	76993.0	82001.0	85341.0	87057.0	90750.0	97302.0	98372.0	99525.0	101777.0	106624.0	113727.0	115919.0	118562.0	120701.0	122301.0	128559.0	132124.0	139897.0	145587.0	153311.0	160025.0	171887.0	182903.0	43850.0	41623.0	40467.0	34929.0	29124.0	28906.0	38620.0	720637.0	40558959.0
SRR14514170_2	84687.0	85701.0	91668.0	94417.0	97463.0	101067.0	106966.0	109915.0	111408.0	113847.0	116518.0	120912.0	119374.0	120440.0	124441.0	125741.0	133004.0	136715.0	141175.0	148904.0	153737.0	156765.0	160098.0	164230.0	28108.0	27781.0	27215.0	26267.0	25984.0	25716.0	31721.0	847562.0	40382435.0
SRR14514171_1	32842.0	34618.0	36317.0	38893.0	39549.0	41558.0	46926.0	45626.0	45052.0	44483.0	46720.0	48332.0	48698.0	49110.0	49393.0	47808.0	49067.0	50591.0	56001.0	57773.0	62725.0	64861.0	67064.0	70411.0	27974.0	27829.0	26781.0	26315.0	25245.0	25046.0	27601.0	492709.0	26187908.0
SRR14514171_2	49233.0	48933.0	51158.0	52579.0	53448.0	55254.0	59731.0	60243.0	59196.0	58246.0	58969.0	58082.0	55871.0	54660.0	55542.0	53333.0	55933.0	56774.0	58595.0	61632.0	62438.0	63181.0	63484.0	63985.0	22386.0	22538.0	22232.0	21223.0	20915.0	19889.0	24843.0	700202.0	25817098.0
SRR14514172_1	35828.0	37720.0	40209.0	42994.0	44596.0	47584.0	53586.0	53031.0	52810.0	53826.0	57969.0	59858.0	61345.0	62688.0	65760.0	65056.0	67601.0	70158.0	75225.0	78150.0	80764.0	84598.0	87630.0	92219.0	16499.0	16734.0	16100.0	14289.0	12832.0	12480.0	15161.0	313599.0	18092183.0
SRR14514172_2	42726.0	43432.0	46574.0	49008.0	50542.0	53349.0	59288.0	59003.0	58704.0	59795.0	63264.0	63464.0	63878.0	64072.0	67741.0	67130.0	69467.0	72496.0	75582.0	79513.0	81349.0	84730.0	85517.0	88115.0	13247.0	13529.0	13062.0	12427.0	12211.0	12050.0	14802.0	397859.0	17943156.0
SRR14514173_1	28674.0	30240.0	31608.0	33539.0	34146.0	35323.0	38051.0	37357.0	38624.0	39919.0	42401.0	44012.0	44531.0	45814.0	46264.0	47419.0	51454.0	53820.0	61105.0	63600.0	67862.0	68746.0	75068.0	80452.0	25786.0	26294.0	24345.0	27789.0	21616.0	20160.0	24558.0	432354.0	24118532.0
SRR14514173_2	37250.0	36418.0	37328.0	40089.0	41972.0	44056.0	44731.0	44207.0	44030.0	45333.0	46917.0	46922.0	45638.0	46048.0	47718.0	48075.0	52262.0	53089.0	56793.0	60619.0	61023.0	62004.0	64240.0	66593.0	14828.0	14634.0	14743.0	13963.0	13666.0	13485.0	16498.0	472855.0	24113436.0
SRR14514174_1	106924.0	113970.0	142885.0	138913.0	137371.0	152617.0	191629.0	186049.0	181588.0	178526.0	189623.0	205817.0	210939.0	211756.0	231041.0	215906.0	224375.0	233605.0	243619.0	253919.0	260460.0	271331.0	272579.0	283044.0	18442.0	17710.0	17494.0	15635.0	13859.0	13500.0	16517.0	359109.0	22708844.0
SRR14514174_2	114272.0	119638.0	149283.0	144752.0	143159.0	158385.0	196474.0	191616.0	186957.0	184173.0	194231.0	208284.0	212891.0	212680.0	232571.0	217778.0	226348.0	235532.0	244678.0	255935.0	261699.0	271723.0	269935.0	278413.0	16550.0	16702.0	16582.0	15763.0	15357.0	14936.0	18096.0	476176.0	22518027.0
SRR14514175_1	51150.0	53555.0	59300.0	59631.0	59608.0	65187.0	81984.0	76706.0	73998.0	71992.0	75713.0	76711.0	79276.0	78123.0	83695.0	78231.0	80750.0	83915.0	89540.0	92274.0	95194.0	100135.0	104081.0	109139.0	25128.0	24580.0	23637.0	21326.0	19299.0	19189.0	24058.0	412117.0	23097863.0
SRR14514175_2	62383.0	62714.0	68754.0	68324.0	68618.0	73459.0	89780.0	85375.0	82368.0	80077.0	82662.0	82040.0	82566.0	80486.0	86692.0	80717.0	84255.0	86758.0	90496.0	93985.0	94298.0	97971.0	97534.0	99046.0	17480.0	17435.0	17090.0	16088.0	15967.0	15507.0	18901.0	506490.0	22940769.0
SRR14514176_1	29294.0	30717.0	32964.0	34058.0	36285.0	45993.0	73539.0	62394.0	54754.0	48643.0	49546.0	50296.0	51950.0	51810.0	58966.0	52433.0	54781.0	56894.0	61295.0	63777.0	66826.0	74121.0	79194.0	85457.0	29101.0	29200.0	28486.0	24215.0	20729.0	19449.0	26626.0	463464.0	24129078.0
SRR14514176_2	44969.0	44834.0	47794.0	48255.0	50057.0	58409.0	85461.0	75509.0	68354.0	61692.0	61452.0	59725.0	58594.0	56715.0	64746.0	58199.0	60913.0	62691.0	64755.0	69249.0	70634.0	75060.0	75342.0	76882.0	21542.0	21014.0	20889.0	19923.0	19665.0	19236.0	23440.0	611536.0	23818799.0
SRR14514177_1	47706.0	49496.0	53504.0	53055.0	53289.0	57191.0	68478.0	64567.0	64166.0	61913.0	65200.0	66902.0	69952.0	70291.0	72030.0	68455.0	72205.0	74233.0	76625.0	81587.0	85608.0	91571.0	96465.0	104078.0	24591.0	23245.0	22456.0	21168.0	18802.0	18736.0	24526.0	395367.0	20453878.0
SRR14514177_2	59142.0	59641.0	64419.0	63618.0	64071.0	67565.0	78058.0	75669.0	75149.0	73317.0	74422.0	74292.0	75385.0	75144.0	77021.0	73556.0	78479.0	79828.0	81932.0	87759.0	89856.0	93560.0	94303.0	97803.0	19238.0	18797.0	18995.0	18065.0	18100.0	17498.0	21491.0	558403.0	20146760.0
SRR14514178_1	47613.0	50391.0	57143.0	57629.0	56556.0	60598.0	68997.0	67656.0	66452.0	66732.0	70714.0	73314.0	74219.0	74759.0	76416.0	75506.0	78537.0	79574.0	83702.0	86539.0	90756.0	94860.0	96620.0	101068.0	21234.0	20973.0	20087.0	18813.0	17661.0	18021.0	21966.0	407562.0	23258467.0
SRR14514178_2	55290.0	56784.0	63994.0	63684.0	62678.0	66590.0	74213.0	74174.0	72818.0	73525.0	76030.0	77142.0	76437.0	75827.0	78088.0	76875.0	80800.0	82213.0	85260.0	88685.0	89796.0	93063.0	93260.0	95753.0	16381.0	16654.0	15742.0	15062.0	14721.0	14304.0	17660.0	496822.0	23120810.0
SRR14514179_1	72939.0	80085.0	89722.0	93307.0	96798.0	104131.0	116454.0	120964.0	124800.0	131650.0	143374.0	157049.0	160885.0	168410.0	178865.0	184913.0	197295.0	206497.0	221573.0	234486.0	245163.0	256175.0	268949.0	283729.0	31257.0	31309.0	30404.0	28464.0	26269.0	27369.0	37354.0	553727.0	31097612.0
SRR14514179_2	85291.0	90401.0	99996.0	102820.0	106004.0	112888.0	124085.0	130159.0	133828.0	139931.0	150316.0	162023.0	164029.0	169706.0	180852.0	186512.0	200233.0	207656.0	221189.0	234957.0	242571.0	253164.0	262562.0	273929.0	24584.0	25013.0	24965.0	23425.0	23375.0	22368.0	27255.0	674279.0	30921612.0
SRR14514180_1	33993.0	35616.0	37941.0	39175.0	39951.0	43491.0	49912.0	49942.0	49958.0	51015.0	55384.0	57870.0	59607.0	61889.0	63779.0	65648.0	70393.0	73887.0	78811.0	84118.0	89214.0	93358.0	100648.0	106676.0	22049.0	21093.0	20219.0	18987.0	15759.0	14700.0	18719.0	373970.0	20900934.0
SRR14514180_2	39923.0	40123.0	42836.0	44309.0	45224.0	48591.0	54268.0	55822.0	55963.0	56919.0	60573.0	61745.0	61343.0	62957.0	65649.0	67699.0	72758.0	75891.0	79743.0	85480.0	88485.0	91387.0	94064.0	97634.0	14821.0	14233.0	14405.0	13458.0	13640.0	13123.0	16860.0	456610.0	20792170.0
SRR14514181_1	47362.0	50523.0	56726.0	57957.0	59209.0	65375.0	81290.0	77066.0	73200.0	74732.0	78667.0	80021.0	83705.0	85340.0	90641.0	89712.0	96204.0	99855.0	108463.0	113765.0	123228.0	134772.0	140102.0	146891.0	34540.0	32425.0	32062.0	30378.0	28152.0	27265.0	32953.0	514299.0	28493171.0
SRR14514181_2	59342.0	58935.0	65706.0	66931.0	68177.0	73256.0	88536.0	85305.0	80572.0	82531.0	85140.0	84463.0	84900.0	84746.0	91355.0	89431.0	96953.0	100178.0	106094.0	112947.0	116065.0	123670.0	125874.0	130355.0	21652.0	21559.0	22359.0	20376.0	19743.0	18622.0	22399.0	553341.0	28478538.0
SRR14514182_1	105188.0	113080.0	119506.0	127036.0	130750.0	139353.0	150295.0	153523.0	155943.0	159698.0	170963.0	182433.0	185865.0	190928.0	197627.0	200297.0	210530.0	217596.0	230925.0	240419.0	251805.0	260106.0	276158.0	287875.0	52963.0	51264.0	50101.0	46531.0	41358.0	39779.0	46003.0	873973.0	50319607.0
SRR14514182_2	119160.0	124067.0	130965.0	138068.0	142635.0	151353.0	160529.0	165663.0	168688.0	171498.0	180639.0	188977.0	188036.0	191250.0	199546.0	202611.0	214617.0	221276.0	230999.0	240956.0	245821.0	251060.0	258223.0	263518.0	33301.0	33220.0	32865.0	31314.0	30970.0	30258.0	37684.0	1018706.0	50181005.0
SRR14514183_1	27481.0	28806.0	29983.0	31689.0	32856.0	36109.0	45513.0	41671.0	41309.0	39623.0	41378.0	43190.0	44732.0	46333.0	49261.0	47000.0	49044.0	51430.0	55218.0	58337.0	61427.0	66299.0	71078.0	76529.0	23203.0	22432.0	22666.0	21177.0	19692.0	20229.0	24814.0	439159.0	23329710.0
SRR14514183_2	37439.0	37015.0	38410.0	39670.0	40704.0	43910.0	52660.0	50203.0	50031.0	48320.0	48829.0	49016.0	48728.0	49398.0	53329.0	50845.0	53117.0	55073.0	57461.0	62041.0	63367.0	67236.0	68763.0	71049.0	18370.0	18695.0	18356.0	17120.0	17014.0	16462.0	20785.0	547111.0	23128851.0
SRR14514184_1	80829.0	84895.0	89309.0	94674.0	95325.0	101742.0	111796.0	109395.0	110015.0	111378.0	120037.0	125524.0	123417.0	124210.0	127099.0	126846.0	132859.0	135975.0	141454.0	146485.0	146427.0	148377.0	150988.0	158602.0	29086.0	27987.0	27198.0	26516.0	25682.0	27047.0	33624.0	539724.0	27774335.0
SRR14514184_2	88589.0	91214.0	95665.0	100894.0	102763.0	108524.0	116538.0	115565.0	115751.0	117196.0	124658.0	128613.0	124413.0	124194.0	127703.0	127644.0	133641.0	135910.0	140191.0	146305.0	143696.0	143736.0	143437.0	148038.0	19197.0	19404.0	19234.0	18139.0	17667.0	17336.0	21474.0	604644.0	27726884.0
SRR14514185_1	71748.0	73997.0	76589.0	76641.0	75314.0	77441.0	80665.0	78801.0	77645.0	77157.0	80066.0	81460.0	80300.0	78938.0	78402.0	76934.0	78167.0	78572.0	79683.0	80281.0	80645.0	81661.0	84708.0	87450.0	22369.0	21303.0	20598.0	17853.0	15515.0	15458.0	20500.0	352450.0	19423286.0
SRR14514185_2	81152.0	82375.0	85109.0	85412.0	83529.0	85824.0	88483.0	87896.0	87188.0	86700.0	88012.0	87343.0	84456.0	82106.0	82721.0	81001.0	82852.0	83006.0	83396.0	84798.0	83161.0	82276.0	81824.0	80903.0	16635.0	16415.0	16456.0	15259.0	15521.0	15012.0	18883.0	510844.0	19156049.0
SRR14514186_1	42972.0	40953.0	42615.0	44011.0	43537.0	45319.0	49414.0	48804.0	47530.0	49815.0	53756.0	54548.0	54521.0	55527.0	55736.0	55785.0	59219.0	60200.0	62675.0	65312.0	68136.0	73521.0	75043.0	78562.0	18081.0	17587.0	17419.0	15866.0	13978.0	13519.0	16848.0	335447.0	18347777.0
SRR14514186_2	48354.0	44684.0	46735.0	48614.0	48040.0	50185.0	53748.0	53850.0	52239.0	54831.0	58712.0	57851.0	55781.0	55903.0	56452.0	56910.0	60462.0	61246.0	62889.0	66664.0	68465.0	71884.0	71227.0	72460.0	12779.0	12835.0	12456.0	11690.0	11303.0	11041.0	13592.0	403307.0	18256844.0
SRR14514187_1	29700.0	31078.0	32923.0	33931.0	33972.0	35140.0	36810.0	37136.0	37371.0	37672.0	40187.0	42111.0	42853.0	44661.0	44982.0	46278.0	49294.0	50964.0	55312.0	56900.0	58016.0	60423.0	64357.0	68065.0	15257.0	15064.0	14384.0	13749.0	11630.0	11627.0	14102.0	301218.0	16227187.0
SRR14514187_2	33865.0	34090.0	36096.0	37233.0	37113.0	38184.0	39581.0	40067.0	40240.0	41138.0	42862.0	43875.0	43960.0	44564.0	45530.0	46986.0	50236.0	51317.0	53692.0	56238.0	57674.0	58919.0	61060.0	63638.0	10723.0	11143.0	10939.0	10327.0	10203.0	9953.0	12395.0	349777.0	16170736.0
SRR14514188_1	28607.0	32156.0	34381.0	31969.0	33790.0	44538.0	69108.0	59081.0	48612.0	46605.0	47794.0	48108.0	49813.0	48403.0	55406.0	50113.0	52262.0	53457.0	58434.0	60058.0	62658.0	67333.0	71755.0	76915.0	23321.0	22834.0	22595.0	19145.0	16937.0	15913.0	20321.0	381979.0	20610079.0
SRR14514188_2	43432.0	45630.0	48582.0	45056.0	46170.0	56303.0	80281.0	71285.0	60449.0	59082.0	58907.0	57202.0	56775.0	54355.0	61346.0	55796.0	58719.0	60117.0	62611.0	65595.0	66779.0	69965.0	69680.0	71378.0	19650.0	19344.0	19123.0	18005.0	17974.0	17940.0	21766.0	533796.0	20271387.0
SRR14514189_1	238463.0	248215.0	284978.0	286133.0	290844.0	333443.0	451197.0	415548.0	392576.0	371953.0	388752.0	437909.0	419275.0	402055.0	423136.0	396097.0	407436.0	414569.0	420123.0	428780.0	428280.0	439572.0	430619.0	439597.0	18309.0	18235.0	17949.0	17161.0	15328.0	14095.0	16550.0	333559.0	19749598.0
SRR14514189_2	244777.0	253983.0	290823.0	292093.0	296631.0	338567.0	454660.0	420038.0	396619.0	375598.0	391588.0	437945.0	419537.0	401721.0	421788.0	395823.0	408291.0	415404.0	419942.0	429952.0	429619.0	438999.0	427456.0	435267.0	16470.0	16449.0	17216.0	15650.0	14752.0	13963.0	16612.0	401128.0	19640973.0
SRR14514190_1	34518.0	35690.0	39104.0	39157.0	39714.0	41330.0	47062.0	46090.0	44811.0	44735.0	47103.0	49302.0	49572.0	49168.0	49482.0	48946.0	50705.0	52499.0	54593.0	57583.0	59587.0	60751.0	63618.0	66922.0	18283.0	17613.0	17225.0	17942.0	16885.0	17455.0	22209.0	345063.0	18033370.0
SRR14514190_2	41237.0	41642.0	45444.0	45012.0	45285.0	46930.0	52044.0	51932.0	50489.0	50474.0	51746.0	53064.0	51857.0	50770.0	52003.0	50904.0	53537.0	54075.0	55269.0	58870.0	59203.0	59508.0	60409.0	61904.0	13226.0	13544.0	13006.0	12638.0	12225.0	11771.0	14497.0	400406.0	17943166.0
SRR14514191_1	76766.0	82240.0	90937.0	93734.0	93998.0	101102.0	117114.0	115020.0	113896.0	115827.0	124586.0	134526.0	133039.0	132326.0	139954.0	139585.0	146277.0	151984.0	160292.0	164881.0	168161.0	174126.0	180903.0	190078.0	26383.0	26356.0	25497.0	23407.0	21263.0	20424.0	25308.0	504467.0	26949472.0
SRR14514191_2	83322.0	87275.0	96136.0	98648.0	99120.0	106097.0	120649.0	119997.0	118492.0	120265.0	127944.0	136312.0	133407.0	131461.0	140023.0	139926.0	147353.0	152305.0	159089.0	165526.0	167088.0	171951.0	174944.0	180786.0	17539.0	17621.0	17409.0	16734.0	16084.0	15634.0	19620.0	547591.0	26917581.0
SRR14514192_1	74600.0	80601.0	90801.0	93421.0	95804.0	104871.0	127930.0	125553.0	125129.0	126747.0	136367.0	150921.0	152419.0	155303.0	164489.0	161251.0	172611.0	179071.0	192742.0	204575.0	217001.0	235791.0	243326.0	262290.0	37918.0	37443.0	37205.0	34080.0	31568.0	33308.0	45162.0	699315.0	37915589.0
SRR14514192_2	88274.0	91420.0	102164.0	104165.0	105801.0	115713.0	136858.0	136028.0	135202.0	136723.0	145002.0	156926.0	156021.0	156517.0	167095.0	163789.0	175823.0	181025.0	192162.0	205002.0	213681.0	231099.0	234149.0	248579.0	27905.0	28257.0	27782.0	26406.0	25729.0	24872.0	30854.0	839501.0	37734678.0
SRR14514193_1	49480.0	53700.0	59818.0	62773.0	63923.0	68813.0	80224.0	79671.0	79712.0	81983.0	88080.0	95096.0	95947.0	97796.0	102979.0	102332.0	109468.0	113735.0	123771.0	128937.0	132960.0	138771.0	145019.0	154878.0	28331.0	27887.0	27600.0	24680.0	22474.0	21809.0	27992.0	532527.0	29873269.0
SRR14514193_2	64284.0	66727.0	73171.0	75360.0	76895.0	81678.0	91251.0	92173.0	91812.0	93343.0	97959.0	103247.0	101955.0	102150.0	108548.0	107491.0	114750.0	118882.0	125299.0	131908.0	134804.0	139288.0	141983.0	147538.0	23830.0	24394.0	23894.0	22461.0	22064.0	21597.0	26965.0	724929.0	29523805.0
SRR14514194_1	30668.0	33565.0	35037.0	37152.0	38288.0	41858.0	49917.0	47780.0	47104.0	47750.0	51251.0	52960.0	53683.0	56239.0	57346.0	57448.0	61263.0	64452.0	70665.0	75253.0	80854.0	82732.0	88376.0	95149.0	23694.0	23319.0	22043.0	21583.0	18572.0	18025.0	22022.0	384054.0	21957988.0
SRR14514194_2	39586.0	40639.0	41978.0	43962.0	46141.0	49298.0	56290.0	55732.0	54433.0	54659.0	57403.0	57159.0	56553.0	57723.0	59425.0	59743.0	63800.0	66856.0	70138.0	75758.0	78458.0	79420.0	81123.0	84797.0	15838.0	15564.0	15797.0	14905.0	14662.0	14319.0	17646.0	472589.0	21835696.0
SRR14514195_1	26722.0	28233.0	29850.0	32428.0	32616.0	34245.0	38241.0	37705.0	37539.0	38905.0	42394.0	42527.0	45641.0	44887.0	47523.0	46060.0	49258.0	50532.0	54225.0	55586.0	58395.0	65153.0	65555.0	68263.0	19172.0	19552.0	19211.0	17441.0	15615.0	14709.0	18313.0	359228.0	19527021.0
SRR14514195_2	37369.0	36984.0	39083.0	41633.0	41187.0	41967.0	45405.0	45725.0	45712.0	47744.0	50541.0	48388.0	49075.0	47381.0	50768.0	48762.0	52127.0	53808.0	55656.0	58701.0	59626.0	63823.0	63110.0	63385.0	14928.0	15157.0	14703.0	13480.0	13523.0	12928.0	16148.0	452353.0	19341565.0
SRR14514196_1	22564.0	24044.0	25645.0	26725.0	26889.0	28603.0	32639.0	31596.0	30757.0	30678.0	33071.0	34177.0	34010.0	34529.0	35041.0	34471.0	35812.0	36869.0	38558.0	39776.0	40445.0	41965.0	42362.0	44212.0	7295.0	7012.0	7004.0	6625.0	6264.0	6046.0	7512.0	114533.0	5847432.0
SRR14514196_2	24225.0	25633.0	27224.0	28077.0	28444.0	29896.0	33712.0	33079.0	32250.0	32313.0	34396.0	34831.0	34276.0	34316.0	35324.0	34675.0	36338.0	37315.0	38527.0	39862.0	39734.0	40476.0	40279.0	41272.0	4708.0	4714.0	4828.0	4421.0	4398.0	4261.0	5152.0	133299.0	5832906.0
SRR14514197_1	50424.0	53260.0	56297.0	58204.0	57942.0	60176.0	62594.0	63181.0	63100.0	63653.0	66360.0	68645.0	70242.0	71340.0	71875.0	72801.0	76427.0	77829.0	82809.0	84132.0	87960.0	90101.0	93277.0	97154.0	20360.0	19719.0	19279.0	17814.0	16707.0	17521.0	22887.0	383947.0	21531208.0
SRR14514197_2	61583.0	62996.0	65524.0	66507.0	66557.0	68414.0	70088.0	71561.0	70823.0	70895.0	73288.0	74361.0	74487.0	74456.0	75863.0	76458.0	80627.0	81305.0	84205.0	87370.0	88528.0	89863.0	91377.0	93357.0	18005.0	18077.0	17705.0	16748.0	16439.0	15989.0	19531.0	479356.0	21326882.0
SRR14514198_1	26869.0	28766.0	30776.0	31782.0	33213.0	34701.0	37061.0	38435.0	39740.0	41084.0	43435.0	47308.0	49083.0	51735.0	54481.0	56652.0	61529.0	65469.0	69487.0	73157.0	76167.0	79188.0	84695.0	90898.0	13173.0	12800.0	12130.0	11473.0	9958.0	9708.0	12200.0	267953.0	15411250.0
SRR14514198_2	30980.0	31792.0	33803.0	35063.0	36458.0	37917.0	39733.0	41577.0	42927.0	44207.0	46372.0	49182.0	50393.0	52275.0	55475.0	57484.0	62479.0	65549.0	69583.0	73940.0	76736.0	78541.0	82130.0	86773.0	10211.0	10228.0	10189.0	9573.0	9461.0	9133.0	11200.0	315731.0	15339261.0
SRR14514199_1	33760.0	35688.0	41024.0	39745.0	39332.0	41670.0	47098.0	46534.0	46490.0	47081.0	49849.0	52090.0	53212.0	53795.0	56640.0	55803.0	58116.0	59919.0	65361.0	67272.0	69399.0	72480.0	76421.0	81018.0	18896.0	18807.0	18029.0	16637.0	14282.0	13568.0	17364.0	372698.0	20481368.0
SRR14514199_2	46313.0	47397.0	52522.0	50463.0	49875.0	51959.0	56484.0	56928.0	56978.0	56944.0	58753.0	59104.0	58805.0	58504.0	62007.0	60599.0	63639.0	65156.0	68452.0	72170.0	73262.0	75740.0	76833.0	78118.0	17295.0	17842.0	17177.0	16512.0	16190.0	15688.0	19172.0	511167.0	20173398.0
SRR14514200_1	54793.0	59971.0	72161.0	71239.0	72691.0	79213.0	87770.0	91864.0	95996.0	102119.0	111124.0	121604.0	126910.0	135084.0	144375.0	150067.0	163193.0	171380.0	185339.0	195265.0	204586.0	215444.0	225947.0	240170.0	25848.0	25482.0	24840.0	23704.0	21579.0	22131.0	30026.0	480675.0	26096637.0
SRR14514200_2	63301.0	67251.0	79135.0	77647.0	78909.0	85095.0	92642.0	97861.0	101874.0	107356.0	115915.0	124933.0	128116.0	135192.0	145190.0	150566.0	164833.0	171495.0	184566.0	194768.0	201995.0	211375.0	218842.0	230665.0	19635.0	19885.0	19734.0	18526.0	18520.0	17526.0	21599.0	566855.0	25997425.0
SRR14514201_1	40375.0	42953.0	45238.0	47086.0	47581.0	49189.0	51150.0	51954.0	52664.0	53267.0	56020.0	59269.0	60095.0	60844.0	60896.0	62261.0	66204.0	68291.0	72150.0	74496.0	77466.0	79007.0	85969.0	90889.0	25683.0	24918.0	23280.0	21033.0	17686.0	17307.0	22092.0	438453.0	25593849.0
SRR14514201_2	48008.0	49391.0	52067.0	53926.0	54851.0	56664.0	58084.0	60185.0	60836.0	61185.0	62620.0	64129.0	62604.0	62645.0	63481.0	65173.0	69149.0	70829.0	72698.0	76451.0	77611.0	78398.0	79881.0	81200.0	17270.0	16742.0	16896.0	16062.0	16138.0	15509.0	19642.0	558599.0	25420691.0
SRR14514202_1	46639.0	49688.0	53724.0	55325.0	55957.0	57971.0	61688.0	62999.0	64063.0	65300.0	69816.0	74227.0	74720.0	75138.0	77173.0	78604.0	83042.0	86178.0	88922.0	92509.0	96936.0	98397.0	103860.0	109064.0	22874.0	23249.0	21117.0	24829.0	20853.0	18892.0	23688.0	378571.0	21702617.0
SRR14514202_2	54108.0	56418.0	60468.0	61853.0	62594.0	64745.0	67876.0	69861.0	71163.0	71972.0	75604.0	78091.0	76946.0	76618.0	79201.0	80837.0	86051.0	87943.0	89845.0	94024.0	95550.0	95937.0	97763.0	99988.0	15059.0	14793.0	14504.0	14107.0	13928.0	13456.0	16823.0	458633.0	21601871.0
SRR14514203_1	112749.0	121520.0	130796.0	141804.0	147927.0	160869.0	178390.0	182399.0	188033.0	196288.0	210627.0	235553.0	230696.0	230854.0	242304.0	244726.0	257539.0	260990.0	275657.0	283552.0	288135.0	297014.0	309020.0	320313.0	33490.0	32427.0	31416.0	27651.0	23095.0	21624.0	26384.0	534609.0	33658189.0
SRR14514203_2	125153.0	132655.0	141281.0	151974.0	157228.0	169743.0	186646.0	191626.0	197283.0	204835.0	217756.0	240303.0	232355.0	231969.0	244149.0	247265.0	261057.0	264765.0	277391.0	287675.0	289641.0	296247.0	302544.0	309658.0	21949.0	22176.0	21509.0	20432.0	20061.0	19873.0	23918.0	599665.0	33525858.0
SRR14514204_1	44342.0	46755.0	50489.0	53043.0	54416.0	60693.0	74715.0	71450.0	69891.0	73591.0	79891.0	82317.0	83636.0	86326.0	91092.0	87928.0	93532.0	95322.0	103199.0	109600.0	116456.0	127822.0	128424.0	134319.0	24901.0	25253.0	24602.0	23524.0	21544.0	21009.0	26355.0	424266.0	23077446.0
SRR14514204_2	56375.0	56250.0	59605.0	61810.0	63346.0	69076.0	82353.0	79777.0	78253.0	81231.0	86338.0	87365.0	86218.0	87224.0	92859.0	89844.0	95816.0	97063.0	102957.0	109812.0	113017.0	122567.0	121331.0	125435.0	18329.0	18647.0	18698.0	17213.0	16894.0	16227.0	19854.0	538854.0	22917511.0
SRR14514205_1	82794.0	88071.0	94632.0	101954.0	104373.0	118688.0	150614.0	143077.0	139247.0	142617.0	155643.0	163022.0	166478.0	172388.0	183318.0	175529.0	186430.0	190828.0	210510.0	227572.0	238951.0	257378.0	264296.0	287357.0	44312.0	44583.0	43837.0	40612.0	38668.0	39384.0	51291.0	595391.0	33493485.0
SRR14514205_2	95431.0	96723.0	103005.0	109846.0	112475.0	128154.0	158396.0	151698.0	147023.0	149465.0	161208.0	165348.0	165473.0	169015.0	181139.0	173884.0	185403.0	187634.0	202517.0	218072.0	226181.0	244866.0	246698.0	265496.0	25534.0	24910.0	25740.0	23479.0	23195.0	22363.0	26534.0	684579.0	33535846.0
SRR14514206_1	28691.0	29231.0	32886.0	30843.0	31455.0	39192.0	61829.0	49854.0	42029.0	39116.0	41467.0	41187.0	42819.0	44390.0	54037.0	40772.0	41170.0	42502.0	44244.0	48035.0	50516.0	56296.0	56091.0	59700.0	18787.0	18514.0	17957.0	16474.0	15242.0	14899.0	18585.0	345862.0	18764404.0
SRR14514206_2	38412.0	38138.0	41780.0	39454.0	39708.0	47081.0	69354.0	58425.0	51113.0	48167.0	49746.0	47796.0	47882.0	47769.0	58720.0	44968.0	45841.0	47118.0	48261.0	52469.0	54107.0	57986.0	55431.0	56301.0	15360.0	15847.0	15364.0	14531.0	14508.0	14160.0	17667.0	501607.0	18484005.0
SRR14514207_1	48813.0	53189.0	57006.0	61639.0	64206.0	68849.0	77953.0	78684.0	81710.0	85337.0	95185.0	102226.0	104601.0	109446.0	114898.0	117658.0	129348.0	136884.0	149127.0	159090.0	166433.0	173971.0	187533.0	202255.0	39013.0	37659.0	35830.0	32379.0	28573.0	28909.0	39857.0	603583.0	33906403.0
SRR14514207_2	61484.0	62767.0	66423.0	71239.0	76209.0	81047.0	87437.0	88709.0	90340.0	94354.0	101993.0	107311.0	106278.0	109619.0	116667.0	118909.0	131383.0	137191.0	146074.0	158314.0	162323.0	168542.0	175941.0	184765.0	23100.0	23112.0	23613.0	21686.0	21416.0	20854.0	25644.0	672464.0	33841039.0
SRR14514208_1	28901.0	30766.0	31966.0	34497.0	35569.0	37081.0	39376.0	39708.0	40534.0	42157.0	44916.0	46708.0	47889.0	49029.0	50425.0	51358.0	54556.0	57096.0	63915.0	65961.0	67989.0	72046.0	77191.0	82207.0	23334.0	22401.0	21773.0	18396.0	15301.0	14535.0	18626.0	400235.0	23709797.0
SRR14514208_2	40083.0	39476.0	41385.0	43252.0	44513.0	46224.0	47950.0	49878.0	50555.0	51559.0	53250.0	53452.0	52049.0	52572.0	54679.0	55722.0	59212.0	61327.0	65348.0	68835.0	69829.0	72578.0	73475.0	74023.0	17495.0	17391.0	17299.0	16076.0	16078.0	15763.0	20033.0	569479.0	23425399.0
SRR14514209_1	42371.0	45218.0	48842.0	48789.0	52239.0	72034.0	129505.0	107470.0	86118.0	74100.0	75566.0	77457.0	80061.0	77207.0	97740.0	78135.0	80166.0	83082.0	91462.0	93934.0	96860.0	104800.0	111916.0	119386.0	35120.0	34448.0	33619.0	28565.0	24538.0	23270.0	30368.0	549559.0	28896856.0
SRR14514209_2	62398.0	63025.0	66762.0	66214.0	68724.0	88079.0	144904.0	124512.0	103396.0	91211.0	90819.0	89788.0	89138.0	84768.0	105692.0	85357.0	88978.0	91243.0	95760.0	100047.0	101883.0	107216.0	108499.0	109639.0	27174.0	26937.0	26824.0	25266.0	24986.0	24374.0	29791.0	754571.0	28462826.0
SRR14514210_1	35933.0	38225.0	41272.0	43826.0	44715.0	47007.0	53284.0	52390.0	51607.0	52627.0	56542.0	59457.0	60749.0	61397.0	63652.0	62947.0	65894.0	67986.0	73586.0	76621.0	80906.0	85853.0	90658.0	96481.0	27777.0	27382.0	26815.0	22794.0	19862.0	19971.0	27745.0	423276.0	22976591.0
SRR14514210_2	44800.0	45607.0	48911.0	50930.0	52119.0	54297.0	59589.0	60097.0	59327.0	60161.0	62571.0	63350.0	62533.0	62254.0	65001.0	64393.0	67413.0	69650.0	73119.0	77166.0	78727.0	81776.0	82062.0	84754.0	17579.0	17148.0	16964.0	16217.0	16002.0	15313.0	19129.0	499464.0	22887405.0
SRR14514211_1	31729.0	34060.0	36353.0	38884.0	40147.0	43090.0	49617.0	49414.0	50088.0	51509.0	54235.0	58079.0	59804.0	61095.0	64216.0	65597.0	69718.0	73751.0	79906.0	83001.0	87744.0	92227.0	98267.0	105357.0	22888.0	22471.0	21331.0	21302.0	17288.0	15797.0	19606.0	373574.0	20979124.0
SRR14514211_2	40806.0	41316.0	44112.0	46180.0	47657.0	50015.0	55938.0	57012.0	57154.0	58611.0	60093.0	62435.0	62122.0	63019.0	66675.0	67898.0	72229.0	76044.0	80253.0	84325.0	86743.0	90359.0	92134.0	95966.0	15436.0	15189.0	15486.0	14322.0	14231.0	13913.0	17206.0	458105.0	20848285.0
SRR14514212_1	58257.0	61889.0	65948.0	70005.0	72176.0	79055.0	90686.0	91730.0	92411.0	96612.0	105654.0	114904.0	116178.0	120914.0	126955.0	126521.0	138150.0	142051.0	154119.0	164882.0	178963.0	190254.0	192196.0	202565.0	35984.0	35608.0	35017.0	34255.0	33575.0	36531.0	43138.0	635463.0	34057997.0
SRR14514212_2	71177.0	71935.0	75634.0	79513.0	82962.0	90620.0	100258.0	101767.0	101209.0	104832.0	112041.0	118876.0	118133.0	120160.0	127520.0	127115.0	138758.0	140575.0	149201.0	159670.0	163512.0	173297.0	176293.0	185934.0	23843.0	24052.0	23944.0	22865.0	22213.0	21758.0	26550.0	760424.0	33984002.0
SRR14514213_1	24758.0	26227.0	26883.0	28043.0	29110.0	31230.0	33824.0	32765.0	32835.0	32601.0	34557.0	35995.0	36364.0	37114.0	37685.0	37624.0	39843.0	40875.0	44987.0	45727.0	47843.0	49016.0	52212.0	54644.0	15829.0	16124.0	15675.0	14173.0	12534.0	12192.0	16208.0	308661.0	16783483.0
SRR14514213_2	32637.0	32698.0	33914.0	34629.0	35655.0	37857.0	39745.0	39526.0	39267.0	38846.0	40326.0	40074.0	39434.0	39695.0	40509.0	40500.0	43122.0	43899.0	45369.0	47476.0	48683.0	49641.0	50720.0	51156.0	12816.0	12841.0	12614.0	12020.0	11608.0	11141.0	14057.0	398989.0	16616177.0
SRR14514214_1	33974.0	35620.0	37932.0	39502.0	40459.0	41933.0	44647.0	45106.0	46117.0	47348.0	50756.0	54462.0	56157.0	57667.0	60060.0	61963.0	66709.0	70459.0	76397.0	80255.0	84527.0	87393.0	93468.0	99074.0	16946.0	16798.0	16031.0	18097.0	13415.0	12128.0	14844.0	332332.0	18468513.0
SRR14514214_2	40828.0	41974.0	43872.0	44646.0	45790.0	47276.0	49051.0	50748.0	51277.0	52243.0	55005.0	57883.0	58329.0	59399.0	62166.0	63904.0	68910.0	72309.0	76382.0	81362.0	84864.0	86944.0	90779.0	94451.0	13927.0	13947.0	13636.0	13099.0	12714.0	12427.0	15295.0	384204.0	18361448.0
